['gpuPC', '0', 'diabetes', '20000']
0.043,0.037,0.037,0.037,0.037,0.037,0.037,0.037,0.037,0.037
3.059,3.03,2.964,3.014,3.021,2.997,2.999,3.008,3.057,2.975
17.993,20.54,17.073,18.098,19.725,17.281,19.329,18.783,18.535,19.367
5.696,5.72,5.719,5.723,5.714,5.73,5.735,5.717,5.699,5.732
0.001,0.0,0.001,0.0,0.0,0.0,0.001,0.001,0.001,0.001
0.008,0.008,0.008,0.007,0.007,0.008,0.007,0.008,0.007,0.007
0.469,0.466,0.467,0.44,0.44,0.44,0.438,0.469,0.438,0.434
11.372,11.387,11.387,11.402,11.393,11.391,11.419,11.382,11.418,11.421
85078.0,85078.0,85078.0,85078.0,85078.0,85078.0,85078.0,85078.0,85078.0,85078.0
2821100.0,2776248.0,2753432.0,2802960.0,2775402.0,2765410.0,2788250.0,2808662.0,2758362.0,2768354.0
1268738.0,1183930.0,1193776.0,1217646.0,1286642.0,1145672.0,1318210.0,1220362.0,1160446.0,1249940.0
42552.0,42592.0,42592.0,42568.0,42576.0,42592.0,42584.0,42616.0,42576.0,42592.0
502.0,514.0,538.0,514.0,526.0,513.0,522.0,515.0,518.0,524.0
3195.0,3486.0,3725.0,3424.0,3562.0,3581.0,3547.0,3809.0,3488.0,3663.0
13348.0,15100.0,16145.0,14689.0,15404.0,15771.0,15418.0,17427.0,15068.0,16094.0
85611.0,96047.0,102219.0,93855.0,98046.0,100187.0,98091.0,110522.0,95997.0,102197.0
399.0,387.0,391.0,401.0,392.0,390.0,400.0,403.0,401.0,390.0
281.0,276.0,269.0,280.0,271.0,278.0,273.0,278.0,277.0,270.0
5.0,3.0,2.0,6.0,2.0,4.0,5.0,3.0,7.0,3.0
113.0,108.0,120.0,115.0,119.0,108.0,122.0,122.0,117.0,117.0
0.0,0.0,3.0,0.0,1.0,0.0,2.0,1.0,1.0,0.0
81.0,70.0,66.0,74.0,72.0,66.0,74.0,75.0,76.0,76.0
32.0,38.0,51.0,41.0,46.0,42.0,46.0,46.0,40.0,41.0
38.837,41.224,37.691,38.758,40.371,37.916,39.997,39.436,39.23,40.017
['gpuPC', '0', 'diabetes', '40000']
0.043,0.041,0.04,0.04,0.041,0.041,0.04,0.041,0.037,0.04
4.552,4.541,4.61,4.63,4.546,4.639,4.587,4.567,4.622,4.638
29.491,31.126,26.344,29.043,27.786,31.563,26.815,27.186,29.815,27.402
7.486,9.281,7.512,10.905,9.286,7.507,9.288,7.514,7.499,7.531
0.001,0.001,0.001,0.001,0.001,0.001,0.001,0.001,0.001,0.001
0.009,0.01,0.009,0.01,0.009,0.009,0.01,0.009,0.009,0.009
0.475,0.525,0.479,0.574,0.521,0.478,0.524,0.475,0.478,0.467
14.912,17.661,14.935,21.053,17.206,14.932,17.262,14.976,15.003,15.017
85078.0,85078.0,85078.0,85078.0,85078.0,85078.0,85078.0,85078.0,85078.0,85078.0
3651740.0,3643366.0,3678740.0,3680276.0,3650520.0,3635388.0,3655474.0,3661586.0,3642652.0,3634086.0
1994400.0,1939674.0,1810170.0,1888532.0,1888046.0,1824184.0,1935030.0,1949656.0,1878026.0,1913152.0
42656.0,50736.0,42672.0,59960.0,50752.0,42656.0,50744.0,42704.0,42664.0,42688.0
583.0,639.0,609.0,658.0,650.0,608.0,641.0,617.0,619.0,611.0
4436.0,5002.0,4725.0,5420.0,5021.0,4706.0,5055.0,4957.0,4795.0,4852.0
20026.0,23465.0,21426.0,27159.0,23175.0,21098.0,23821.0,22857.0,21476.0,22146.0
125171.0,153733.0,133447.0,186858.0,151413.0,131336.0,156081.0,141842.0,133442.0,137634.0
368.0,365.0,377.0,373.0,364.0,364.0,368.0,377.0,362.0,361.0
243.0,234.0,236.0,237.0,232.0,234.0,232.0,232.0,230.0,232.0
0.0,1.0,0.0,3.0,2.0,0.0,1.0,1.0,0.0,0.0
125.0,130.0,141.0,133.0,130.0,130.0,135.0,144.0,132.0,129.0
1.0,0.0,3.0,2.0,1.0,3.0,3.0,2.0,3.0,0.0
63.0,67.0,70.0,64.0,64.0,61.0,66.0,73.0,63.0,64.0
61.0,63.0,68.0,67.0,65.0,66.0,66.0,69.0,66.0,65.0
57.191,63.253,53.989,66.317,59.462,59.226,58.573,54.82,57.514,55.156
['gpuPC', '0', 'diabetes', '100000']
0.044,0.041,0.041,0.041,0.041,0.041,0.041,0.041,0.041,0.041
8.691,8.572,8.748,8.753,8.77,8.732,8.653,8.616,8.584,8.608
54.345,53.306,53.797,55.632,56.26,53.65,50.801,47.603,51.349,53.297
9.621,17.598,13.234,9.605,9.603,9.599,11.976,9.613,13.825,11.864
0.001,0.001,0.001,0.001,0.001,0.001,0.001,0.001,0.001,0.001
0.017,0.02,0.019,0.016,0.016,0.017,0.018,0.017,0.018,0.018
0.526,0.719,0.655,0.528,0.528,0.529,0.615,0.527,0.656,0.605
19.101,30.063,24.894,19.069,19.082,19.04,23.206,19.082,26.51,23.081
85078.0,85078.0,85078.0,85078.0,85078.0,85078.0,85078.0,85078.0,85078.0,85078.0
4923966.0,4865890.0,4976460.0,4970818.0,4925920.0,4974476.0,4883470.0,4922788.0,4857240.0,4926908.0
3233434.0,3192578.0,3338698.0,3223354.0,3331160.0,3227524.0,3149020.0,3196922.0,3237534.0,3288252.0
43000.0,82374.0,60204.0,42964.0,42980.0,42956.0,51072.0,43044.0,60236.0,51116.0
793.0,843.0,819.0,783.0,776.0,783.0,821.0,814.0,821.0,844.0
6308.0,7189.0,6739.0,6238.0,6153.0,6223.0,6726.0,6464.0,6833.0,6896.0
25563.0,35150.0,30642.0,25431.0,25314.0,25400.0,28984.0,25817.0,31497.0,29240.0
149346.0,244012.0,201336.0,149199.0,149144.0,149141.0,178874.0,149550.0,206946.0,179079.0
311.0,326.0,328.0,319.0,323.0,326.0,326.0,312.0,332.0,318.0
184.0,191.0,190.0,186.0,189.0,187.0,187.0,181.0,191.0,182.0
0.0,3.0,2.0,1.0,0.0,0.0,1.0,0.0,2.0,1.0
127.0,132.0,136.0,132.0,134.0,139.0,138.0,131.0,139.0,135.0
2.0,2.0,2.0,5.0,2.0,4.0,6.0,4.0,7.0,4.0
62.0,63.0,60.0,62.0,59.0,67.0,64.0,66.0,59.0,62.0
63.0,67.0,74.0,65.0,73.0,68.0,68.0,61.0,73.0,69.0
92.604,110.494,101.493,93.782,94.415,91.719,95.414,85.608,101.093,97.615
['gpuPC', '0', 'diabetes', '200000']
0.05,0.047,0.047,0.047,0.048,0.047,0.047,0.047,0.047,0.047
19.712,19.884,19.941,20.273,19.864,20.122,19.737,20.074,19.859,19.877
90.423,98.4,96.924,105.898,89.398,93.758,105.957,95.4,109.288,98.172
15.445,15.137,11.024,11.06,19.651,13.524,13.661,12.135,19.007,13.445
0.001,0.001,0.001,0.001,0.001,0.001,0.001,0.001,0.001,0.001
0.037,0.038,0.035,0.035,0.04,0.037,0.035,0.035,0.038,0.038
0.799,0.765,0.668,0.668,0.856,0.791,0.668,0.669,0.968,0.765
26.625,26.356,21.837,21.902,30.413,26.384,21.895,21.861,35.109,26.242
85078.0,85078.0,85078.0,85078.0,85078.0,85078.0,85078.0,85078.0,85078.0,85078.0
5869770.0,5902950.0,5966806.0,6018108.0,5930106.0,5976928.0,5860084.0,5948054.0,5893832.0,5921418.0
4588700.0,4697004.0,4764982.0,4794230.0,4668362.0,4660488.0,4515728.0,4689328.0,4631590.0,4655832.0
59196.0,61556.0,44076.0,44116.0,83676.0,52220.0,61264.0,52188.0,81680.0,52268.0
1046.0,1054.0,1031.0,1028.0,1070.0,1049.0,1006.0,1029.0,1068.0,1059.0
8789.0,8877.0,8398.0,8376.0,9203.0,8762.0,8178.0,8365.0,8990.0,8877.0
33398.0,33669.0,29762.0,29773.0,37185.0,33270.0,29327.0,29728.0,35562.0,33519.0
184623.0,185175.0,154369.0,154489.0,218754.0,184477.0,153855.0,154429.0,209641.0,184746.0
220.0,222.0,214.0,216.0,222.0,217.0,223.0,215.0,221.0,209.0
135.0,135.0,131.0,133.0,135.0,134.0,137.0,132.0,134.0,131.0
1.0,2.0,0.0,0.0,2.0,1.0,0.0,0.0,2.0,1.0
84.0,85.0,83.0,83.0,85.0,82.0,86.0,83.0,85.0,77.0
0.0,0.0,1.0,0.0,1.0,0.0,0.0,1.0,1.0,0.0
78.0,78.0,76.0,74.0,73.0,68.0,73.0,70.0,67.0,69.0
6.0,7.0,6.0,9.0,11.0,14.0,13.0,12.0,17.0,8.0
153.438,160.806,150.669,160.064,160.461,154.868,162.182,150.406,184.498,158.766
['gpuPC', '0', 'diabetes', '400000']
0.083,0.08,0.08,0.08,0.081,0.08,0.08,0.08,0.08,0.08
44.478,45.324,45.097,45.227,45.274,45.524,44.405,45.193,44.823,44.938
152.406,154.185,149.696,156.915,156.79,147.094,152.23,176.103,165.313,180.911
12.638,15.226,15.546,12.602,17.2,17.324,19.211,15.231,15.515,16.789
0.002,0.002,0.002,0.002,0.002,0.002,0.002,0.002,0.002,0.002
0.076,0.075,0.073,0.077,0.076,0.074,0.077,0.075,0.079,0.075
0.977,0.982,0.977,0.972,0.979,0.977,0.981,0.986,0.98,0.984
25.359,25.405,25.809,25.72,25.745,25.828,25.457,25.32,25.693,25.589
85078.0,85078.0,85078.0,85078.0,85078.0,85078.0,85078.0,85078.0,85078.0,85078.0
6769516.0,6827408.0,6827996.0,6825556.0,6821312.0,6867578.0,6749420.0,6782090.0,6788000.0,6777630.0
6469830.0,6429262.0,6477484.0,6476452.0,6415990.0,6527078.0,6407676.0,6354724.0,6531688.0,6388586.0
45184.0,57868.0,62602.0,44688.0,70276.0,67680.0,81864.0,58042.0,58742.0,58162.0
1229.0,1216.0,1217.0,1182.0,1222.0,1219.0,1231.0,1252.0,1280.0,1238.0
9848.0,9766.0,9788.0,9466.0,9800.0,9772.0,9838.0,10074.0,10310.0,9934.0
32520.0,32600.0,32577.0,31684.0,32553.0,32433.0,32535.0,33132.0,33795.0,32803.0
158315.0,158857.0,158658.0,156997.0,158602.0,158304.0,158524.0,159427.0,160700.0,158910.0
139.0,167.0,151.0,150.0,153.0,146.0,156.0,136.0,150.0,143.0
81.0,87.0,86.0,90.0,84.0,84.0,82.0,79.0,75.0,81.0
0.0,0.0,1.0,0.0,0.0,0.0,0.0,0.0,0.0,0.0
58.0,80.0,64.0,60.0,69.0,62.0,74.0,57.0,75.0,62.0
0.0,0.0,0.0,0.0,0.0,0.0,0.0,0.0,0.0,0.0
46.0,62.0,48.0,47.0,53.0,47.0,53.0,43.0,55.0,48.0
12.0,18.0,16.0,13.0,16.0,15.0,21.0,14.0,20.0,14.0
236.552,241.662,237.645,242.062,246.522,237.29,242.858,263.47,252.864,269.761
['gpuPC', '1', 'diabetes', '20000']
0.034,0.029,0.029,0.029,0.029,0.029,0.029,0.029,0.029,0.029
0.261,0.235,0.23,0.233,0.231,0.231,0.234,0.232,0.243,0.231
1.131,1.136,1.138,1.036,1.057,1.037,1.052,1.154,1.113,1.105
2.419,2.42,2.42,2.42,2.423,2.425,2.423,2.424,2.423,2.107
0.0,0.0,0.0,0.0,0.0,0.0,0.0,0.0,0.0,0.0
0.005,0.004,0.004,0.004,0.004,0.004,0.005,0.004,0.005,0.004
0.159,0.16,0.161,0.16,0.16,0.16,0.16,0.157,0.161,0.148
5.436,5.445,5.442,5.46,5.464,5.459,5.451,5.466,5.456,4.769
85078.0,85078.0,85078.0,85078.0,85078.0,85078.0,85078.0,85078.0,85078.0,85078.0
639440.0,634864.0,630656.0,637622.0,631686.0,631586.0,626140.0,631802.0,629492.0,628268.0
113062.0,113316.0,115078.0,118080.0,120284.0,117828.0,119716.0,115184.0,108642.0,110660.0
42528.0,42528.0,42528.0,42528.0,42528.0,42528.0,42528.0,42528.0,42528.0,35420.0
439.0,466.0,455.0,464.0,460.0,441.0,457.0,449.0,433.0,416.0
2370.0,2674.0,2546.0,2878.0,2666.0,2392.0,2456.0,2602.0,2296.0,2364.0
8707.0,9825.0,9409.0,11409.0,10083.0,8726.0,8760.0,10040.0,8358.0,8660.0
56803.0,62984.0,60903.0,73215.0,65009.0,56804.0,56806.0,65008.0,54745.0,53328.0
455.0,453.0,457.0,456.0,459.0,449.0,454.0,466.0,462.0,459.0
305.0,299.0,300.0,301.0,303.0,306.0,301.0,311.0,312.0,306.0
22.0,22.0,27.0,23.0,23.0,22.0,26.0,24.0,23.0,23.0
128.0,132.0,130.0,132.0,133.0,121.0,127.0,131.0,127.0,130.0
12.0,16.0,14.0,11.0,16.0,13.0,16.0,11.0,17.0,14.0
112.0,109.0,109.0,109.0,109.0,102.0,105.0,111.0,106.0,107.0
4.0,7.0,7.0,12.0,8.0,6.0,6.0,9.0,4.0,9.0
9.651,9.461,9.456,9.372,9.404,9.376,9.39,9.499,9.465,8.421
['gpuPC', '1', 'diabetes', '40000']
0.034,0.032,0.032,0.029,0.032,0.032,0.032,0.032,0.032,0.032
0.582,0.601,0.591,0.592,0.594,0.595,0.592,0.594,0.603,0.597
3.355,3.505,3.391,4.185,3.429,3.647,3.367,3.529,3.436,3.428
2.718,2.717,2.717,2.718,2.716,2.717,2.718,2.717,2.714,2.718
0.001,0.0,0.0,0.0,0.0,0.0,0.0,0.0,0.0,0.0
0.006,0.006,0.006,0.006,0.006,0.006,0.006,0.006,0.006,0.006
0.191,0.192,0.191,0.192,0.191,0.191,0.192,0.191,0.191,0.193
6.134,6.13,6.126,6.124,6.13,6.123,6.128,6.127,6.117,6.131
85078.0,85078.0,85078.0,85078.0,85078.0,85078.0,85078.0,85078.0,85078.0,85078.0
863398.0,870382.0,865922.0,862156.0,869018.0,859060.0,864468.0,862702.0,866494.0,859676.0
227662.0,241208.0,234292.0,250494.0,243980.0,247098.0,234632.0,241058.0,241072.0,234414.0
42528.0,42528.0,42528.0,42528.0,42528.0,42528.0,42528.0,42528.0,42528.0,42528.0
515.0,515.0,535.0,548.0,510.0,532.0,533.0,548.0,564.0,562.0
3214.0,3214.0,3240.0,3520.0,3190.0,3276.0,3254.0,3488.0,3594.0,3604.0
12500.0,12496.0,12221.0,13604.0,12484.0,12273.0,12241.0,13571.0,13661.0,13937.0
79385.0,79381.0,77349.0,85562.0,79383.0,77359.0,77351.0,85561.0,85577.0,87610.0
453.0,446.0,456.0,445.0,457.0,435.0,449.0,461.0,447.0,452.0
269.0,268.0,262.0,259.0,271.0,262.0,263.0,261.0,250.0,253.0
23.0,23.0,22.0,23.0,23.0,23.0,24.0,23.0,23.0,22.0
161.0,155.0,172.0,163.0,163.0,150.0,162.0,177.0,174.0,177.0
12.0,12.0,18.0,10.0,17.0,8.0,11.0,16.0,21.0,22.0
134.0,128.0,139.0,135.0,131.0,127.0,137.0,143.0,135.0,134.0
15.0,15.0,15.0,18.0,15.0,15.0,14.0,18.0,18.0,21.0
13.235,13.234,13.101,13.897,13.147,13.359,13.082,13.249,13.15,13.158
['gpuPC', '1', 'diabetes', '100000']
0.036,0.033,0.034,0.034,0.034,0.034,0.034,0.034,0.034,0.034
1.963,1.966,1.944,1.944,1.977,1.954,1.917,1.954,1.935,1.945
6.06,5.4,5.322,5.812,5.334,5.163,5.043,5.851,4.961,5.591
3.242,3.244,3.242,3.245,3.244,3.246,3.245,3.245,3.245,3.245
0.001,0.001,0.001,0.001,0.001,0.001,0.001,0.001,0.001,0.001
0.013,0.012,0.012,0.012,0.012,0.012,0.012,0.012,0.012,0.012
0.277,0.28,0.276,0.28,0.279,0.28,0.279,0.28,0.28,0.279
7.329,7.33,7.327,7.323,7.347,7.334,7.331,7.326,7.324,7.33
85078.0,85078.0,85078.0,85078.0,85078.0,85078.0,85078.0,85078.0,85078.0,85078.0
1219336.0,1215318.0,1219008.0,1214046.0,1224086.0,1222084.0,1220444.0,1221364.0,1215826.0,1222384.0
264794.0,270694.0,269460.0,270956.0,274562.0,274176.0,281932.0,275844.0,273862.0,271770.0
42616.0,42632.0,42616.0,42656.0,42600.0,42600.0,42640.0,42656.0,42640.0,42656.0
586.0,573.0,573.0,590.0,565.0,592.0,581.0,577.0,591.0,592.0
3846.0,3734.0,3730.0,3820.0,3672.0,3794.0,3746.0,3790.0,3774.0,3808.0
15462.0,15089.0,15085.0,15156.0,14767.0,14852.0,14819.0,15417.0,14833.0,14871.0
97796.0,95738.0,95738.0,95753.0,93691.0,93708.0,93701.0,97789.0,93707.0,93713.0
376.0,372.0,376.0,372.0,376.0,368.0,374.0,388.0,369.0,370.0
244.0,249.0,249.0,242.0,251.0,243.0,246.0,248.0,242.0,241.0
0.0,0.0,0.0,0.0,0.0,2.0,0.0,0.0,0.0,0.0
132.0,123.0,127.0,130.0,125.0,123.0,128.0,140.0,127.0,129.0
17.0,8.0,10.0,13.0,16.0,12.0,16.0,19.0,9.0,18.0
68.0,70.0,70.0,71.0,64.0,65.0,68.0,74.0,73.0,66.0
47.0,45.0,47.0,46.0,45.0,46.0,44.0,47.0,45.0,45.0
19.181,18.365,18.256,18.75,18.326,18.125,17.964,18.824,17.913,18.559
['gpuPC', '1', 'diabetes', '200000']
0.044,0.042,0.042,0.042,0.041,0.042,0.042,0.042,0.042,0.042
5.037,4.99,5.0,5.004,5.014,4.959,4.958,5.06,4.965,4.987
8.716,7.955,7.654,8.325,8.525,8.343,7.971,8.823,8.078,8.506
3.884,3.889,3.874,3.891,3.894,3.894,3.892,3.889,3.877,3.891
0.001,0.001,0.001,0.001,0.001,0.001,0.001,0.001,0.001,0.001
0.023,0.023,0.023,0.024,0.023,0.024,0.023,0.023,0.023,0.024
0.425,0.425,0.425,0.425,0.418,0.425,0.425,0.425,0.427,0.425
8.698,8.693,8.715,8.696,8.697,8.694,8.706,8.699,8.705,8.7
85078.0,85078.0,85078.0,85078.0,85078.0,85078.0,85078.0,85078.0,85078.0,85078.0
1596166.0,1589594.0,1585578.0,1587558.0,1582452.0,1581080.0,1577128.0,1594014.0,1577346.0,1582444.0
349890.0,343796.0,347628.0,347752.0,347938.0,357508.0,350586.0,349036.0,351764.0,352064.0
42712.0,42712.0,42704.0,42712.0,42720.0,42720.0,42712.0,42712.0,42696.0,42712.0
615.0,619.0,604.0,621.0,610.0,614.0,607.0,610.0,617.0,628.0
3978.0,4022.0,3932.0,4032.0,3974.0,3996.0,3940.0,3948.0,4010.0,4060.0
15552.0,15596.0,15523.0,15606.0,15558.0,15576.0,15524.0,15527.0,15587.0,15620.0
97812.0,97820.0,97807.0,97824.0,97812.0,97816.0,97806.0,97807.0,97819.0,97824.0
365.0,351.0,365.0,351.0,354.0,356.0,364.0,368.0,350.0,347.0
233.0,231.0,237.0,230.0,234.0,233.0,236.0,235.0,232.0,227.0
0.0,0.0,0.0,0.0,0.0,0.0,0.0,0.0,0.0,0.0
132.0,120.0,128.0,121.0,120.0,123.0,128.0,133.0,118.0,120.0
18.0,12.0,14.0,14.0,10.0,14.0,13.0,19.0,6.0,8.0
66.0,62.0,67.0,61.0,64.0,63.0,68.0,67.0,66.0,64.0
48.0,46.0,47.0,46.0,46.0,46.0,47.0,47.0,46.0,48.0
27.173,26.196,25.935,26.608,26.792,26.558,26.2,27.144,26.295,26.757
['gpuPC', '1', 'diabetes', '400000']
0.079,0.078,0.077,0.077,0.077,0.078,0.077,0.077,0.077,0.077
13.373,13.241,13.249,13.26,13.262,13.236,13.23,13.293,13.216,13.264
22.12,22.625,20.017,22.082,21.256,18.313,19.747,18.883,19.183,21.925
4.934,4.929,4.936,4.931,4.935,4.934,4.935,4.929,4.941,4.933
0.002,0.002,0.002,0.002,0.002,0.002,0.002,0.002,0.002,0.002
0.053,0.053,0.053,0.053,0.053,0.055,0.053,0.055,0.056,0.054
0.71,0.71,0.71,0.712,0.711,0.726,0.731,0.714,0.715,0.712
11.114,11.328,11.265,11.321,11.192,11.162,11.169,11.162,11.137,11.138
85078.0,85078.0,85078.0,85078.0,85078.0,85078.0,85078.0,85078.0,85078.0,85078.0
2103384.0,2108886.0,2094660.0,2101734.0,2100132.0,2101910.0,2102722.0,2087214.0,2090878.0,2096124.0
662728.0,664966.0,600430.0,639142.0,599810.0,592050.0,602272.0,583628.0,599976.0,641620.0
42840.0,42824.0,42848.0,42808.0,42864.0,42848.0,42856.0,42848.0,42896.0,42864.0
831.0,805.0,838.0,804.0,830.0,823.0,823.0,826.0,854.0,846.0
5962.0,5986.0,6134.0,5972.0,5973.0,6038.0,5881.0,5999.0,6160.0,6076.0
21832.0,23053.0,22904.0,23014.0,22139.0,22809.0,21737.0,22460.0,22644.0,22245.0
127740.0,136061.0,134045.0,136024.0,129842.0,134018.0,127717.0,131917.0,132019.0,129878.0
305.0,321.0,309.0,317.0,313.0,323.0,320.0,309.0,315.0,307.0
166.0,173.0,163.0,172.0,167.0,169.0,169.0,167.0,160.0,162.0
0.0,0.0,0.0,0.0,0.0,0.0,0.0,0.0,0.0,0.0
139.0,148.0,146.0,145.0,146.0,154.0,151.0,142.0,155.0,145.0
16.0,13.0,17.0,14.0,12.0,18.0,18.0,9.0,18.0,14.0
82.0,83.0,85.0,83.0,87.0,88.0,89.0,86.0,91.0,90.0
41.0,52.0,44.0,48.0,47.0,48.0,44.0,47.0,46.0,41.0
53.059,53.327,50.692,52.799,51.867,48.874,50.326,49.493,49.709,52.496
['gpuPC3', '0', 'diabetes', '20000']
0.042,0.036,0.037,0.037,0.036,0.037,0.037,0.037,0.037,0.037
2.929,2.892,2.932,2.919,2.934,2.901,2.874,2.9,2.872,2.868
6.052,5.557,5.426,5.748,5.395,4.968,7.75,5.787,4.772,5.866
4.353,4.377,4.38,4.376,4.371,4.379,4.392,4.373,4.362,4.387
0.001,0.001,0.001,0.0,0.0,0.0,0.001,0.001,0.001,0.001
0.008,0.008,0.008,0.007,0.007,0.008,0.007,0.008,0.007,0.007
0.468,0.465,0.466,0.44,0.44,0.439,0.437,0.469,0.437,0.432
11.314,11.328,11.322,11.337,11.333,11.329,11.36,11.322,11.355,11.363
85078.0,85078.0,85078.0,85078.0,85078.0,85078.0,85078.0,85078.0,85078.0,85078.0
85078.0,85078.0,85078.0,85078.0,85078.0,85078.0,85078.0,85078.0,85078.0,85078.0
3134916.0,3169007.0,3168115.0,3179194.0,3153214.0,3102123.0,3140973.0,3130469.0,3078326.0,3075370.0
2246049.0,2255400.0,2267241.0,2272178.0,2257790.0,2236782.0,2256011.0,2242001.0,2213454.0,2218356.0
954670.0,958861.0,930843.0,1034435.0,925465.0,925693.0,1094325.0,1066187.0,900588.0,947148.0
710161.0,705786.0,684645.0,749444.0,683476.0,683479.0,785674.0,764885.0,667897.0,693085.0
42516.0,42536.0,42536.0,42524.0,42528.0,42536.0,42532.0,42548.0,42528.0,42536.0
10629.0,10634.0,10634.0,10631.0,10632.0,10634.0,10633.0,10637.0,10632.0,10634.0
502.0,514.0,538.0,514.0,526.0,513.0,522.0,515.0,518.0,524.0
3195.0,3486.0,3725.0,3424.0,3562.0,3581.0,3547.0,3809.0,3488.0,3663.0
13348.0,15100.0,16145.0,14689.0,15404.0,15771.0,15418.0,17427.0,15068.0,16094.0
85611.0,96047.0,102219.0,93855.0,98046.0,100187.0,98091.0,110522.0,95997.0,102197.0
399.0,387.0,391.0,401.0,392.0,390.0,400.0,403.0,401.0,390.0
281.0,276.0,269.0,280.0,271.0,278.0,273.0,278.0,277.0,270.0
5.0,3.0,2.0,6.0,2.0,4.0,5.0,3.0,7.0,3.0
113.0,108.0,120.0,115.0,119.0,108.0,122.0,122.0,117.0,117.0
0.0,0.0,3.0,0.0,1.0,0.0,2.0,1.0,1.0,0.0
81.0,70.0,66.0,74.0,72.0,66.0,74.0,75.0,76.0,76.0
32.0,38.0,51.0,41.0,46.0,42.0,46.0,46.0,40.0,41.0
25.371,24.701,24.608,24.899,24.553,24.092,26.893,24.932,23.879,24.993
['gpuPC3', '0', 'diabetes', '40000']
0.043,0.04,0.04,0.041,0.041,0.041,0.041,0.041,0.039,0.041
4.415,4.433,4.396,4.387,4.362,4.421,4.408,4.383,4.353,4.297
9.89,10.66,9.218,10.445,10.154,9.642,10.161,10.225,10.297,9.874
5.825,6.757,5.843,7.809,6.768,5.838,6.786,5.848,5.821,5.848
0.001,0.001,0.001,0.001,0.001,0.001,0.001,0.001,0.001,0.001
0.009,0.01,0.009,0.01,0.009,0.009,0.01,0.009,0.009,0.009
0.475,0.524,0.477,0.573,0.52,0.477,0.522,0.475,0.477,0.466
14.846,17.593,14.875,20.928,17.128,14.863,17.184,14.911,14.897,14.912
85078.0,85078.0,85078.0,85078.0,85078.0,85078.0,85078.0,85078.0,85078.0,85078.0
85078.0,85078.0,85078.0,85078.0,85078.0,85078.0,85078.0,85078.0,85078.0,85078.0
4059858.0,4154550.0,4091618.0,4138058.0,4104455.0,4113476.0,4112092.0,4038099.0,4057227.0,3991206.0
2794214.0,2842474.0,2808076.0,2835089.0,2817966.0,2825858.0,2822417.0,2778676.0,2783571.0,2761731.0
1500959.0,1547775.0,1518826.0,1608615.0,1538919.0,1497507.0,1581781.0,1609567.0,1575048.0,1549429.0
1036197.0,1048226.0,1020503.0,1058441.0,1040754.0,1026147.0,1067758.0,1079699.0,1065299.0,1048213.0
42568.0,50668.0,42576.0,59880.0,50676.0,42568.0,50672.0,42592.0,42572.0,42584.0
10642.0,12667.0,10644.0,14970.0,12669.0,10642.0,12668.0,10648.0,10643.0,10646.0
583.0,639.0,609.0,658.0,650.0,608.0,641.0,617.0,619.0,611.0
4436.0,5002.0,4725.0,5420.0,5021.0,4706.0,5055.0,4957.0,4795.0,4852.0
20026.0,23465.0,21426.0,27159.0,23175.0,21098.0,23821.0,22857.0,21476.0,22146.0
125171.0,153733.0,133447.0,186858.0,151413.0,131336.0,156081.0,141842.0,133442.0,137634.0
368.0,365.0,377.0,373.0,364.0,364.0,368.0,377.0,362.0,361.0
243.0,234.0,236.0,237.0,232.0,234.0,232.0,232.0,230.0,232.0
0.0,1.0,0.0,3.0,2.0,0.0,1.0,1.0,0.0,0.0
125.0,130.0,141.0,133.0,130.0,130.0,135.0,144.0,132.0,129.0
1.0,0.0,3.0,2.0,1.0,3.0,3.0,2.0,3.0,0.0
63.0,67.0,70.0,64.0,64.0,61.0,66.0,73.0,63.0,64.0
61.0,63.0,68.0,67.0,65.0,66.0,66.0,69.0,66.0,65.0
35.726,40.066,34.908,44.242,39.03,35.339,39.159,35.939,35.941,35.495
['gpuPC3', '0', 'diabetes', '100000']
0.044,0.041,0.041,0.042,0.042,0.041,0.041,0.041,0.041,0.041
6.676,6.565,6.739,6.816,6.612,6.767,6.702,6.67,6.796,6.669
20.471,19.928,20.547,21.017,21.329,20.091,19.621,20.976,20.464,20.886
7.483,12.351,9.29,7.496,7.501,7.487,8.699,7.5,10.052,8.711
0.001,0.001,0.001,0.001,0.001,0.001,0.001,0.001,0.001,0.001
0.017,0.02,0.019,0.017,0.017,0.017,0.018,0.018,0.018,0.018
0.525,0.72,0.657,0.527,0.528,0.528,0.617,0.526,0.655,0.604
19.009,29.957,24.8,19.005,19.017,18.981,23.124,19.018,26.421,23.006
85078.0,85078.0,85078.0,85078.0,85078.0,85078.0,85078.0,85078.0,85078.0,85078.0
85078.0,85078.0,85078.0,85078.0,85078.0,85078.0,85078.0,85078.0,85078.0,85078.0
5339929.0,5262327.0,5403187.0,5503858.0,5323524.0,5413668.0,5369907.0,5395041.0,5430533.0,5385101.0
3465646.0,3440887.0,3500614.0,3553164.0,3467562.0,3518551.0,3479036.0,3495522.0,3504508.0,3498601.0
2409798.0,2400545.0,2524670.0,2512877.0,2564948.0,2460319.0,2397637.0,2482236.0,2495794.0,2523705.0
1692442.0,1685304.0,1759308.0,1745091.0,1772088.0,1716640.0,1666968.0,1721504.0,1727157.0,1758251.0
42840.0,82201.0,60052.0,42792.0,42800.0,42768.0,50936.0,42872.0,60088.0,50968.0
10710.0,20551.0,15013.0,10698.0,10700.0,10692.0,12734.0,10718.0,15022.0,12742.0
793.0,843.0,819.0,783.0,776.0,783.0,821.0,814.0,821.0,844.0
6308.0,7189.0,6739.0,6238.0,6153.0,6223.0,6726.0,6464.0,6833.0,6896.0
25563.0,35150.0,30642.0,25431.0,25314.0,25400.0,28984.0,25817.0,31497.0,29240.0
149346.0,244012.0,201336.0,149199.0,149144.0,149141.0,178874.0,149550.0,206946.0,179079.0
311.0,326.0,328.0,319.0,323.0,326.0,326.0,312.0,332.0,318.0
184.0,191.0,190.0,186.0,189.0,187.0,187.0,181.0,191.0,182.0
0.0,3.0,2.0,1.0,0.0,0.0,1.0,0.0,2.0,1.0
127.0,132.0,136.0,132.0,134.0,139.0,138.0,131.0,139.0,135.0
2.0,2.0,2.0,5.0,2.0,4.0,6.0,4.0,7.0,4.0
62.0,63.0,60.0,62.0,59.0,67.0,64.0,66.0,59.0,62.0
63.0,67.0,74.0,65.0,73.0,68.0,68.0,61.0,73.0,69.0
54.49,69.684,62.194,55.035,55.174,54.023,58.927,54.855,64.58,60.036
['gpuPC3', '0', 'diabetes', '200000']
0.05,0.047,0.047,0.047,0.047,0.047,0.048,0.048,0.047,0.047
12.598,12.8,12.89,12.795,12.938,13.027,12.958,12.755,12.931,12.849
36.002,37.247,38.44,38.537,35.996,36.23,35.711,37.736,36.806,38.029
10.306,10.389,8.4,8.421,12.998,9.715,9.822,9.03,12.812,9.725
0.001,0.001,0.001,0.001,0.001,0.001,0.001,0.001,0.001,0.001
0.038,0.04,0.036,0.036,0.04,0.038,0.036,0.037,0.039,0.039
0.804,0.773,0.669,0.67,0.856,0.791,0.668,0.67,0.97,0.766
26.65,26.359,21.826,21.873,30.404,26.409,21.858,21.822,35.074,26.247
85078.0,85078.0,85078.0,85078.0,85078.0,85078.0,85078.0,85078.0,85078.0,85078.0
85078.0,85078.0,85078.0,85078.0,85078.0,85078.0,85078.0,85078.0,85078.0,85078.0
6035422.0,6082811.0,6211201.0,6101657.0,6232641.0,6235994.0,6255083.0,6116337.0,6177933.0,6156653.0
3829949.0,3851413.0,3909670.0,3872466.0,3936491.0,3945957.0,3920938.0,3873853.0,3907681.0,3899920.0
3574489.0,3641720.0,3727012.0,3771155.0,3533354.0,3573087.0,3530892.0,3644930.0,3617070.0,3604155.0
2505510.0,2573139.0,2637854.0,2700016.0,2506305.0,2575418.0,2481940.0,2584031.0,2562508.0,2556883.0
59048.0,61420.0,43948.0,43988.0,83569.0,52120.0,61152.0,52084.0,81575.0,52164.0
15336.0,15362.0,10987.0,10997.0,20898.0,13030.0,15288.0,13021.0,20828.0,13041.0
1046.0,1054.0,1031.0,1028.0,1070.0,1049.0,1006.0,1029.0,1068.0,1059.0
8789.0,8877.0,8398.0,8376.0,9203.0,8762.0,8178.0,8365.0,8990.0,8877.0
33398.0,33669.0,29762.0,29773.0,37185.0,33270.0,29327.0,29728.0,35562.0,33519.0
184623.0,185175.0,154369.0,154489.0,218754.0,184477.0,153855.0,154429.0,209641.0,184746.0
220.0,222.0,214.0,216.0,222.0,217.0,223.0,215.0,221.0,209.0
135.0,135.0,131.0,133.0,135.0,134.0,137.0,132.0,134.0,131.0
1.0,2.0,0.0,0.0,2.0,1.0,0.0,0.0,2.0,1.0
84.0,85.0,83.0,83.0,85.0,82.0,86.0,83.0,85.0,77.0
0.0,0.0,1.0,0.0,1.0,0.0,0.0,1.0,1.0,0.0
78.0,78.0,76.0,74.0,73.0,68.0,73.0,70.0,67.0,69.0
6.0,7.0,6.0,9.0,11.0,14.0,13.0,12.0,17.0,8.0
86.792,87.837,82.524,82.559,93.487,86.457,81.279,82.278,98.865,87.887
['gpuPC3', '0', 'diabetes', '400000']
0.083,0.08,0.08,0.08,0.08,0.08,0.08,0.08,0.08,0.079
26.919,27.074,27.381,27.547,27.382,26.828,27.128,27.445,27.146,27.24
65.093,66.126,65.565,67.061,63.585,67.73,64.204,66.599,68.191,67.756
9.078,10.196,10.487,9.065,11.434,10.827,11.645,10.067,9.942,11.212
0.002,0.002,0.002,0.002,0.002,0.002,0.002,0.002,0.002,0.002
0.078,0.076,0.077,0.079,0.079,0.076,0.078,0.076,0.082,0.078
0.983,0.982,0.979,0.973,0.978,0.974,0.976,0.982,0.98,0.983
25.393,25.412,25.831,25.731,25.661,25.704,25.362,25.227,25.6,25.548
85078.0,85078.0,85078.0,85078.0,85078.0,85078.0,85078.0,85078.0,85078.0,85078.0
85078.0,85078.0,85078.0,85078.0,85078.0,85078.0,85078.0,85078.0,85078.0,85078.0
6790160.0,6708866.0,6875229.0,6929289.0,6850720.0,6693377.0,6825041.0,6860353.0,6862452.0,6832318.0
4200646.0,4172400.0,4243984.0,4264788.0,4236166.0,4175807.0,4214894.0,4228700.0,4232298.0,4216903.0
5455258.0,5353298.0,5485388.0,5461596.0,5369436.0,5408832.0,5228280.0,5273807.0,5398568.0,5420181.0
3795618.0,3727715.0,3840842.0,3830243.0,3740886.0,3825896.0,3653519.0,3673667.0,3755251.0,3776349.0
45094.0,57757.0,62517.0,44564.0,70071.0,67287.0,81729.0,57841.0,58655.0,57988.0
11276.0,15583.0,15637.0,11141.0,18168.0,18148.0,21179.0,15607.0,15827.0,15655.0
1229.0,1216.0,1217.0,1182.0,1222.0,1219.0,1231.0,1252.0,1280.0,1238.0
9848.0,9766.0,9788.0,9466.0,9800.0,9772.0,9838.0,10074.0,10310.0,9934.0
32520.0,32600.0,32577.0,31684.0,32553.0,32433.0,32535.0,33132.0,33795.0,32803.0
158315.0,158857.0,158658.0,156997.0,158602.0,158304.0,158524.0,159427.0,160700.0,158910.0
139.0,167.0,151.0,150.0,153.0,146.0,156.0,136.0,150.0,143.0
81.0,87.0,86.0,90.0,84.0,84.0,82.0,79.0,75.0,81.0
0.0,0.0,1.0,0.0,0.0,0.0,0.0,0.0,0.0,0.0
58.0,80.0,64.0,60.0,69.0,62.0,74.0,57.0,75.0,62.0
0.0,0.0,0.0,0.0,0.0,0.0,0.0,0.0,0.0,0.0
46.0,62.0,48.0,47.0,53.0,47.0,53.0,43.0,55.0,48.0
12.0,18.0,16.0,13.0,16.0,15.0,21.0,14.0,20.0,14.0
128.195,130.311,130.776,130.905,129.575,132.607,129.847,130.86,132.394,133.276
['gpuPC3', '1', 'diabetes', '20000']
0.034,0.029,0.029,0.029,0.029,0.029,0.029,0.029,0.029,0.029
0.173,0.156,0.163,0.161,0.161,0.163,0.157,0.163,0.158,0.162
0.348,0.343,0.347,0.346,0.328,0.339,0.311,0.313,0.317,0.298
1.731,1.736,1.734,1.734,1.735,1.736,1.737,1.735,1.733,1.511
0.0,0.0,0.0,0.0,0.0,0.0,0.0,0.0,0.0,0.0
0.005,0.005,0.004,0.004,0.004,0.004,0.005,0.004,0.004,0.004
0.159,0.159,0.16,0.159,0.158,0.16,0.16,0.159,0.159,0.146
5.341,5.351,5.352,5.36,5.356,5.347,5.353,5.357,5.347,4.686
85078.0,85078.0,85078.0,85078.0,85078.0,85078.0,85078.0,85078.0,85078.0,85078.0
85078.0,85078.0,85078.0,85078.0,85078.0,85078.0,85078.0,85078.0,85078.0,85078.0
522962.0,503880.0,522414.0,513008.0,518596.0,516443.0,503512.0,523713.0,505430.0,510796.0
450676.0,435427.0,450125.0,444638.0,447915.0,446873.0,434274.0,450625.0,436969.0,441238.0
114304.0,114516.0,115896.0,119453.0,121542.0,118966.0,120970.0,116277.0,109664.0,111732.0
85551.0,85662.0,87142.0,89748.0,91747.0,89572.0,91337.0,87235.0,81653.0,84749.0
42504.0,42504.0,42504.0,42504.0,42504.0,42504.0,42504.0,42504.0,42504.0,35420.0
10626.0,10626.0,10626.0,10626.0,10626.0,10626.0,10626.0,10626.0,10626.0,8855.0
439.0,466.0,455.0,468.0,460.0,441.0,451.0,449.0,433.0,416.0
2370.0,2674.0,2546.0,2896.0,2668.0,2392.0,2428.0,2606.0,2296.0,2364.0
8707.0,9825.0,9409.0,11420.0,10085.0,8726.0,8740.0,10046.0,8358.0,8660.0
56803.0,62984.0,60903.0,73216.0,65009.0,56804.0,56802.0,65010.0,54745.0,53328.0
455.0,453.0,458.0,458.0,459.0,449.0,453.0,467.0,462.0,459.0
305.0,299.0,300.0,301.0,302.0,306.0,300.0,311.0,312.0,306.0
22.0,22.0,27.0,25.0,23.0,22.0,24.0,25.0,23.0,23.0
128.0,132.0,131.0,132.0,134.0,121.0,129.0,131.0,127.0,130.0
12.0,16.0,14.0,11.0,16.0,13.0,19.0,11.0,17.0,14.0
112.0,109.0,110.0,109.0,110.0,102.0,104.0,111.0,106.0,107.0
4.0,7.0,7.0,12.0,8.0,6.0,6.0,9.0,4.0,9.0
8.003,7.809,7.826,7.823,7.806,7.808,7.787,7.795,7.778,6.87
['gpuPC3', '1', 'diabetes', '40000']
0.034,0.032,0.032,0.03,0.032,0.032,0.032,0.032,0.031,0.032
0.429,0.42,0.427,0.421,0.439,0.424,0.438,0.436,0.432,0.44
0.639,0.652,0.615,0.623,0.639,0.7,0.652,0.66,0.643,0.791
1.974,1.977,1.976,1.976,1.976,1.976,1.977,1.977,1.974,1.977
0.001,0.0,0.0,0.0,0.0,0.0,0.0,0.0,0.0,0.0
0.006,0.006,0.006,0.006,0.006,0.006,0.006,0.006,0.006,0.006
0.19,0.191,0.191,0.191,0.19,0.194,0.19,0.191,0.19,0.192
6.038,6.043,6.047,6.046,6.053,6.039,6.051,6.048,6.041,6.046
85078.0,85078.0,85078.0,85078.0,85078.0,85078.0,85078.0,85078.0,85078.0,85078.0
85078.0,85078.0,85078.0,85078.0,85078.0,85078.0,85078.0,85078.0,85078.0,85078.0
745664.0,754263.0,760274.0,739143.0,767939.0,752523.0,758723.0,764463.0,763812.0,782584.0
628072.0,636166.0,640432.0,623635.0,647237.0,634165.0,640232.0,641057.0,643046.0,659098.0
227154.0,240569.0,233451.0,249342.0,242869.0,246480.0,233630.0,239934.0,240169.0,233385.0
184618.0,196811.0,190189.0,205034.0,199202.0,202127.0,190370.0,196098.0,196356.0,190066.0
42504.0,42504.0,42504.0,42504.0,42504.0,42504.0,42504.0,42504.0,42504.0,42504.0
10626.0,10626.0,10626.0,10626.0,10626.0,10626.0,10626.0,10626.0,10626.0,10626.0
515.0,515.0,535.0,548.0,510.0,532.0,534.0,548.0,564.0,562.0
3214.0,3214.0,3240.0,3520.0,3192.0,3276.0,3263.0,3488.0,3592.0,3604.0
12500.0,12496.0,12221.0,13604.0,12486.0,12273.0,12252.0,13571.0,13659.0,13937.0
79385.0,79381.0,77349.0,85562.0,79383.0,77359.0,77355.0,85561.0,85577.0,87610.0
453.0,447.0,456.0,445.0,457.0,435.0,450.0,461.0,446.0,452.0
269.0,268.0,262.0,259.0,270.0,262.0,262.0,261.0,251.0,253.0
23.0,23.0,22.0,23.0,23.0,23.0,24.0,23.0,23.0,22.0
161.0,156.0,172.0,163.0,164.0,150.0,164.0,177.0,172.0,177.0
12.0,12.0,18.0,10.0,19.0,8.0,12.0,17.0,22.0,22.0
134.0,129.0,139.0,135.0,130.0,127.0,137.0,142.0,132.0,134.0
15.0,15.0,15.0,18.0,15.0,15.0,15.0,18.0,18.0,21.0
9.549,9.37,9.341,9.346,9.386,9.418,9.395,9.398,9.369,9.537
['gpuPC3', '1', 'diabetes', '100000']
0.036,0.034,0.034,0.033,0.034,0.034,0.034,0.034,0.034,0.034
1.575,1.569,1.516,1.562,1.537,1.555,1.56,1.561,1.579,1.573
0.98,0.977,0.951,0.963,1.02,0.972,1.014,1.068,1.019,1.039
2.335,2.342,2.333,2.339,2.336,2.336,2.339,2.35,2.348,2.345
0.001,0.001,0.001,0.001,0.001,0.001,0.001,0.001,0.001,0.001
0.013,0.012,0.012,0.013,0.013,0.013,0.012,0.012,0.012,0.013
0.28,0.28,0.28,0.28,0.279,0.279,0.28,0.28,0.279,0.278
7.258,7.268,7.264,7.26,7.276,7.272,7.267,7.264,7.261,7.247
85078.0,85078.0,85078.0,85078.0,85078.0,85078.0,85078.0,85078.0,85078.0,85078.0
85078.0,85078.0,85078.0,85078.0,85078.0,85078.0,85078.0,85078.0,85078.0,85078.0
1253943.0,1259823.0,1206788.0,1250983.0,1227508.0,1243094.0,1238908.0,1251204.0,1271910.0,1271769.0
1009157.0,1012771.0,974145.0,1008254.0,991443.0,1003669.0,1000264.0,1008933.0,1026782.0,1019890.0
266106.0,272701.0,271643.0,272823.0,277407.0,276848.0,282461.0,277468.0,275888.0,273630.0
215438.0,221532.0,220359.0,221197.0,225524.0,224794.0,230718.0,225109.0,224038.0,221707.0
42548.0,42556.0,42548.0,42568.0,42540.0,42540.0,42560.0,42568.0,42560.0,42568.0
10637.0,10639.0,10637.0,10642.0,10635.0,10635.0,10640.0,10642.0,10640.0,10642.0
586.0,573.0,573.0,590.0,567.0,592.0,581.0,577.0,591.0,592.0
3846.0,3734.0,3730.0,3820.0,3680.0,3794.0,3746.0,3790.0,3774.0,3808.0
15462.0,15089.0,15085.0,15156.0,14771.0,14852.0,14819.0,15417.0,14833.0,14871.0
97796.0,95738.0,95738.0,95753.0,93691.0,93708.0,93701.0,97789.0,93707.0,93713.0
376.0,372.0,376.0,372.0,378.0,368.0,374.0,388.0,369.0,370.0
244.0,249.0,249.0,242.0,251.0,243.0,246.0,248.0,242.0,241.0
0.0,0.0,0.0,0.0,1.0,2.0,0.0,0.0,0.0,0.0
132.0,123.0,127.0,130.0,126.0,123.0,128.0,140.0,127.0,129.0
15.0,8.0,10.0,14.0,17.0,12.0,18.0,18.0,9.0,18.0
70.0,70.0,70.0,70.0,64.0,65.0,65.0,75.0,73.0,66.0
47.0,45.0,47.0,46.0,45.0,46.0,45.0,47.0,45.0,45.0
12.741,12.584,12.492,12.572,12.594,12.583,12.606,12.694,12.655,12.65
['gpuPC3', '1', 'diabetes', '200000']
0.044,0.042,0.042,0.042,0.042,0.042,0.042,0.042,0.042,0.042
4.232,4.178,4.259,4.204,4.285,4.225,4.322,4.257,4.22,4.259
1.775,1.657,1.616,1.607,1.739,1.714,1.665,1.73,1.664,1.718
2.675,2.676,2.65,2.677,2.679,2.682,2.679,2.677,2.651,2.678
0.001,0.001,0.001,0.001,0.001,0.001,0.001,0.001,0.001,0.001
0.024,0.024,0.024,0.024,0.023,0.025,0.024,0.023,0.023,0.025
0.423,0.426,0.426,0.426,0.419,0.424,0.426,0.426,0.427,0.424
8.635,8.66,8.675,8.666,8.667,8.632,8.675,8.666,8.67,8.64
85078.0,85078.0,85078.0,85078.0,85078.0,85078.0,85078.0,85078.0,85078.0,85078.0
85078.0,85078.0,85078.0,85078.0,85078.0,85078.0,85078.0,85078.0,85078.0,85078.0
1785816.0,1744413.0,1781297.0,1750647.0,1797381.0,1766313.0,1819138.0,1789501.0,1773731.0,1791907.0
1383645.0,1358042.0,1380397.0,1365705.0,1391847.0,1369946.0,1407694.0,1390680.0,1375363.0,1386369.0
330358.0,326323.0,323374.0,325560.0,330593.0,336299.0,329514.0,328967.0,332095.0,332726.0
260929.0,256957.0,255802.0,257801.0,260454.0,265957.0,261240.0,259787.0,262466.0,263209.0
42596.0,42596.0,42592.0,42596.0,42600.0,42600.0,42596.0,42596.0,42588.0,42596.0
10649.0,10649.0,10648.0,10649.0,10650.0,10650.0,10649.0,10649.0,10647.0,10649.0
615.0,619.0,604.0,621.0,610.0,614.0,607.0,610.0,617.0,628.0
3978.0,4022.0,3932.0,4032.0,3974.0,3996.0,3940.0,3948.0,4010.0,4060.0
15552.0,15596.0,15523.0,15606.0,15558.0,15576.0,15524.0,15527.0,15587.0,15620.0
97812.0,97820.0,97807.0,97824.0,97812.0,97816.0,97806.0,97807.0,97819.0,97824.0
365.0,352.0,365.0,351.0,354.0,355.0,364.0,368.0,350.0,348.0
233.0,231.0,237.0,230.0,234.0,233.0,236.0,235.0,232.0,227.0
0.0,0.0,0.0,0.0,0.0,0.0,0.0,0.0,0.0,0.0
132.0,121.0,128.0,121.0,120.0,122.0,128.0,133.0,118.0,121.0
18.0,13.0,14.0,12.0,10.0,14.0,12.0,18.0,6.0,9.0
66.0,62.0,67.0,63.0,64.0,62.0,69.0,68.0,66.0,63.0
48.0,46.0,47.0,46.0,46.0,46.0,47.0,47.0,46.0,49.0
18.15,17.839,17.869,17.83,18.034,17.93,18.011,18.0,17.875,17.962
['gpuPC3', '1', 'diabetes', '400000']
0.08,0.077,0.077,0.077,0.077,0.077,0.077,0.077,0.077,0.077
11.245,11.32,11.323,11.259,11.11,11.313,11.361,11.162,11.253,11.302
4.501,4.29,4.092,4.283,4.111,4.163,4.012,3.912,4.003,4.225
3.039,3.037,3.046,3.039,3.043,3.043,3.043,3.039,3.05,3.042
0.002,0.002,0.002,0.002,0.002,0.002,0.002,0.002,0.002,0.002
0.054,0.055,0.056,0.054,0.056,0.055,0.054,0.057,0.057,0.056
0.722,0.711,0.714,0.713,0.713,0.729,0.729,0.717,0.714,0.712
11.115,11.28,11.259,11.306,11.194,11.161,11.152,11.158,11.135,11.135
85078.0,85078.0,85078.0,85078.0,85078.0,85078.0,85078.0,85078.0,85078.0,85078.0
85078.0,85078.0,85078.0,85078.0,85078.0,85078.0,85078.0,85078.0,85078.0,85078.0
2451013.0,2476733.0,2472622.0,2461531.0,2427886.0,2477610.0,2485135.0,2428643.0,2465343.0,2464527.0
1817298.0,1839345.0,1831443.0,1818801.0,1805039.0,1839165.0,1836800.0,1803007.0,1824696.0,1827478.0
579543.0,581943.0,542877.0,564592.0,549127.0,546543.0,555898.0,540342.0,555294.0,558595.0
460917.0,464131.0,432618.0,447828.0,435214.0,430865.0,439938.0,427964.0,440231.0,443605.0
42660.0,42656.0,42664.0,42644.0,42672.0,42664.0,42668.0,42664.0,42688.0,42672.0
10665.0,10664.0,10666.0,10661.0,10668.0,10666.0,10667.0,10666.0,10672.0,10668.0
831.0,809.0,838.0,804.0,830.0,823.0,823.0,826.0,854.0,846.0
5962.0,6008.0,6134.0,5972.0,5973.0,6038.0,5881.0,5999.0,6160.0,6076.0
21832.0,23073.0,22904.0,23014.0,22139.0,22809.0,21737.0,22460.0,22644.0,22245.0
127740.0,136069.0,134045.0,136024.0,129842.0,134018.0,127717.0,131917.0,132019.0,129878.0
305.0,323.0,309.0,316.0,313.0,323.0,322.0,309.0,315.0,307.0
166.0,173.0,163.0,172.0,167.0,169.0,169.0,167.0,160.0,162.0
0.0,1.0,0.0,0.0,0.0,0.0,0.0,0.0,0.0,0.0
139.0,149.0,146.0,144.0,146.0,154.0,153.0,142.0,155.0,145.0
15.0,15.0,16.0,14.0,12.0,18.0,19.0,10.0,19.0,14.0
84.0,81.0,87.0,82.0,87.0,88.0,89.0,85.0,91.0,90.0
40.0,53.0,43.0,48.0,47.0,48.0,45.0,47.0,45.0,41.0
31.3,31.155,30.944,31.111,30.685,30.924,30.799,30.499,30.713,31.032
['gpuPC', '0', 'munin', '20000']
0.032,0.026,0.026,0.026,0.027,0.026,0.026,0.027,0.027,0.027
6.99,6.764,6.86,7.031,7.237,6.623,6.906,6.984,7.221,7.12
3.533,3.33,3.955,3.664,4.149,3.423,4.741,3.805,6.465,4.078
0.23,0.128,0.11,0.148,0.194,0.129,0.162,0.228,0.144,0.212
0.0,0.0,0.0,0.0,0.0,0.0,0.0,0.0,0.0,0.0
0.004,0.004,0.004,0.004,0.004,0.003,0.004,0.003,0.004,0.004
0.015,0.019,0.015,0.016,0.015,0.015,0.015,0.015,0.018,0.016
0.133,0.159,0.139,0.117,0.113,0.117,0.202,0.135,0.18,0.131
541320.0,541320.0,541320.0,541320.0,541320.0,541320.0,541320.0,541320.0,541320.0,541320.0
20648402.0,19932560.0,20182790.0,20733390.0,21479252.0,19508804.0,20489570.0,20549434.0,21341332.0,21058664.0
2699676.0,2367890.0,2768318.0,2947070.0,3150878.0,2449424.0,2722592.0,2776458.0,3002140.0,2984378.0
18996.0,20542.0,17412.0,20780.0,24424.0,17402.0,21094.0,22124.0,23616.0,23106.0
1171.0,1215.0,1196.0,1269.0,1241.0,1110.0,1191.0,1194.0,1217.0,1219.0
7111.0,7256.0,7207.0,7859.0,7721.0,6513.0,7236.0,7326.0,7376.0,7651.0
11172.0,11465.0,11396.0,13088.0,12987.0,9722.0,11433.0,11797.0,12056.0,12420.0
15131.0,17214.0,15670.0,19953.0,19588.0,12780.0,15723.0,16805.0,19162.0,17004.0
1137.0,1105.0,1104.0,1107.0,1114.0,1124.0,1121.0,1121.0,1113.0,1134.0
845.0,831.0,833.0,825.0,832.0,840.0,829.0,844.0,833.0,834.0
65.0,51.0,55.0,64.0,63.0,55.0,64.0,62.0,62.0,81.0
227.0,223.0,216.0,218.0,219.0,229.0,228.0,215.0,218.0,219.0
4.0,3.0,1.0,2.0,1.0,3.0,4.0,6.0,1.0,7.0
183.0,185.0,182.0,186.0,191.0,201.0,197.0,184.0,189.0,184.0
40.0,35.0,33.0,30.0,27.0,25.0,27.0,25.0,28.0,28.0
11.235,10.544,11.225,11.122,11.852,10.451,12.174,11.315,14.175,11.71
['gpuPC', '0', 'munin', '40000']
0.044,0.039,0.04,0.039,0.039,0.039,0.039,0.039,0.039,0.04
17.0,16.899,17.108,17.161,17.693,16.575,17.255,17.372,17.179,17.65
8.881,9.587,9.813,9.009,10.296,8.597,8.887,8.555,8.899,10.377
0.572,0.333,0.48,0.468,0.797,0.493,0.437,0.55,0.63,0.509
0.001,0.001,0.001,0.001,0.0,0.0,0.0,0.0,0.0,0.0
0.008,0.008,0.009,0.008,0.008,0.008,0.007,0.008,0.008,0.008
0.054,0.046,0.059,0.062,0.059,0.046,0.048,0.035,0.048,0.053
0.366,0.286,0.337,0.354,0.402,0.443,0.439,0.302,0.314,0.373
541320.0,541320.0,541320.0,541320.0,541320.0,541320.0,541320.0,541320.0,541320.0,541320.0
26248604.0,26079756.0,26506490.0,26595746.0,27320228.0,25485422.0,26542996.0,26829024.0,26482946.0,27288048.0
5425366.0,4944540.0,5655156.0,5453922.0,5912462.0,4986248.0,5553162.0,5739786.0,5648462.0,5885706.0
62854.0,45016.0,58690.0,59090.0,96600.0,53278.0,56224.0,58880.0,70152.0,60562.0
1543.0,1555.0,1559.0,1535.0,1531.0,1441.0,1467.0,1453.0,1457.0,1535.0
10526.0,10885.0,10781.0,9897.0,9961.0,9625.0,9677.0,9653.0,9709.0,10513.0
21995.0,22521.0,22445.0,19709.0,20172.0,19360.0,18580.0,17859.0,18908.0,22556.0
51114.0,48510.0,51940.0,47252.0,48702.0,41465.0,37694.0,30679.0,37994.0,53486.0
1059.0,1049.0,1047.0,1027.0,1054.0,1066.0,1036.0,1064.0,1053.0,1043.0
783.0,777.0,770.0,770.0,783.0,784.0,771.0,789.0,781.0,771.0
71.0,76.0,71.0,52.0,61.0,61.0,59.0,74.0,63.0,58.0
205.0,196.0,206.0,205.0,210.0,221.0,206.0,201.0,209.0,214.0
2.0,1.0,3.0,4.0,3.0,7.0,2.0,5.0,2.0,9.0
176.0,169.0,177.0,172.0,183.0,184.0,180.0,168.0,182.0,177.0
27.0,26.0,26.0,29.0,24.0,30.0,24.0,28.0,25.0,28.0
27.329,27.383,28.024,27.282,29.471,26.4,27.356,27.043,27.302,29.192
['gpuPC', '0', 'munin', '100000']
0.101,0.098,0.098,0.098,0.098,0.098,0.098,0.098,0.098,0.098
51.905,52.052,52.883,52.533,53.061,52.08,53.437,53.285,53.192,53.08
29.072,27.02,30.434,28.939,28.99,26.936,32.097,30.38,28.883,28.62
4.995,4.966,4.935,5.01,6.177,5.711,4.982,4.794,5.178,5.527
0.001,0.001,0.001,0.001,0.001,0.001,0.001,0.001,0.001,0.001
0.032,0.027,0.026,0.026,0.028,0.026,0.029,0.028,0.029,0.027
0.338,0.237,0.27,0.251,0.295,0.231,0.252,0.241,0.273,0.251
4.073,1.876,2.687,2.239,3.634,2.778,2.476,2.182,2.583,2.153
541320.0,541320.0,541320.0,541320.0,541320.0,541320.0,541320.0,541320.0,541320.0,541320.0
32709932.0,32801520.0,33325736.0,33239624.0,33340346.0,32963540.0,33723738.0,33545200.0,33445450.0,33517230.0
10019632.0,9696636.0,10277522.0,10401234.0,10375916.0,9897984.0,10598610.0,9948358.0,10321798.0,10375416.0
355436.0,278310.0,301874.0,289078.0,374306.0,322204.0,287600.0,276890.0,303302.0,308968.0
2154.0,1886.0,1945.0,1898.0,2024.0,1950.0,1987.0,1907.0,1995.0,1944.0
17850.0,14354.0,14697.0,14063.0,15739.0,14944.0,15394.0,14943.0,15025.0,14671.0
64495.0,39748.0,43006.0,37610.0,48250.0,44341.0,44539.0,43435.0,42547.0,40906.0
328597.0,139851.0,184477.0,133322.0,217330.0,173008.0,172973.0,159820.0,175011.0,156181.0
968.0,972.0,964.0,959.0,976.0,965.0,977.0,987.0,966.0,960.0
716.0,723.0,719.0,716.0,719.0,714.0,720.0,727.0,716.0,716.0
66.0,63.0,57.0,59.0,66.0,63.0,69.0,62.0,64.0,58.0
186.0,186.0,188.0,184.0,191.0,188.0,188.0,198.0,186.0,186.0
2.0,3.0,4.0,3.0,7.0,2.0,2.0,3.0,1.0,3.0
164.0,172.0,165.0,161.0,166.0,166.0,168.0,172.0,160.0,162.0
20.0,11.0,19.0,20.0,18.0,20.0,18.0,23.0,25.0,21.0
90.991,86.661,91.707,89.473,92.651,88.241,93.746,91.383,90.603,90.133
['gpuPC', '0', 'munin', '200000']
0.205,0.202,0.208,0.203,0.208,0.205,0.203,0.205,0.207,0.219
116.169,117.278,117.534,118.58,117.621,117.664,117.581,118.022,117.666,118.616
75.67,79.555,76.316,75.825,80.657,76.704,77.014,78.539,81.899,86.53
17.913,14.768,15.539,14.332,16.23,13.081,15.176,14.854,14.504,17.187
0.001,0.001,0.001,0.001,0.001,0.001,0.001,0.001,0.001,0.001
0.069,0.065,0.065,0.065,0.068,0.069,0.062,0.062,0.066,0.075
0.827,0.711,0.778,0.759,0.871,0.767,0.682,0.697,0.743,0.8
11.494,8.129,9.274,9.353,9.334,8.032,8.048,8.877,8.799,8.842
541320.0,541320.0,541320.0,541320.0,541320.0,541320.0,541320.0,541320.0,541320.0,541320.0
36732444.0,36984410.0,37507316.0,37334392.0,37231544.0,37296892.0,37205718.0,37352208.0,37211662.0,37505790.0
14484226.0,14690842.0,15632510.0,14781784.0,14856702.0,14704838.0,14987744.0,14929244.0,14840106.0,15331930.0
693098.0,578824.0,607894.0,630696.0,709736.0,527614.0,639324.0,559038.0,573952.0,799244.0
2359.0,2223.0,2235.0,2219.0,2321.0,2278.0,2204.0,2220.0,2264.0,2350.0
20046.0,17959.0,18010.0,18043.0,18967.0,19179.0,17681.0,18947.0,18456.0,19963.0
79736.0,61863.0,63645.0,62276.0,69805.0,70170.0,60830.0,68610.0,64729.0,77725.0
513718.0,345201.0,375325.0,335424.0,436789.0,376265.0,327445.0,368058.0,372075.0,487348.0
942.0,948.0,938.0,952.0,943.0,957.0,948.0,962.0,943.0,943.0
693.0,697.0,697.0,697.0,692.0,695.0,699.0,702.0,693.0,690.0
68.0,67.0,63.0,75.0,70.0,78.0,69.0,74.0,69.0,74.0
181.0,184.0,178.0,180.0,181.0,184.0,180.0,186.0,181.0,179.0
2.0,4.0,2.0,5.0,1.0,6.0,2.0,5.0,1.0,1.0
165.0,161.0,161.0,161.0,159.0,163.0,164.0,160.0,161.0,161.0
14.0,19.0,15.0,14.0,21.0,15.0,14.0,21.0,19.0,17.0
223.104,221.271,220.272,219.672,225.588,217.062,219.333,221.813,224.464,232.832
['gpuPC', '0', 'munin', '400000']
0.426,0.428,0.439,0.419,0.424,0.424,0.422,0.433,0.427,0.414
253.708,252.677,253.118,252.509,254.171,252.63,255.555,253.067,254.122,254.778
240.535,203.95,210.641,225.641,247.178,203.91,207.14,195.978,214.737,237.962
45.577,53.571,46.548,41.075,50.049,41.343,45.588,42.704,48.515,53.693
0.003,0.003,0.003,0.003,0.003,0.003,0.003,0.003,0.003,0.003
0.168,0.169,0.178,0.19,0.178,0.159,0.177,0.164,0.162,0.175
2.239,2.482,2.485,2.478,2.614,2.184,2.579,2.125,2.497,2.367
30.498,35.193,36.485,34.211,38.429,33.061,35.325,25.394,33.935,31.555
541320.0,541320.0,541320.0,541320.0,541320.0,541320.0,541320.0,541320.0,541320.0,541320.0
40139090.0,40092990.0,40244188.0,40220912.0,40267838.0,40350184.0,40528846.0,40201428.0,40089316.0,40399450.0
19532314.0,20203626.0,20203156.0,19646294.0,20285436.0,20282372.0,20216206.0,19544602.0,19562494.0,20906154.0
1136492.0,1476708.0,1197606.0,1056620.0,1518924.0,1076992.0,1319198.0,1062612.0,1471270.0,1586938.0
2645.0,2797.0,2790.0,2812.0,2866.0,2687.0,2846.0,2600.0,2766.0,2726.0
24244.0,24976.0,24851.0,26046.0,25564.0,23504.0,25085.0,22525.0,24240.0,24294.0
115529.0,122678.0,129582.0,129423.0,131452.0,109304.0,124031.0,99168.0,118328.0,115470.0
971281.0,1143824.0,1316011.0,1144696.0,1293879.0,929329.0,1176137.0,779769.0,1100775.0,979760.0
936.0,929.0,929.0,935.0,930.0,929.0,922.0,936.0,952.0,939.0
679.0,671.0,678.0,677.0,672.0,679.0,670.0,680.0,679.0,678.0
83.0,82.0,79.0,87.0,82.0,78.0,81.0,78.0,88.0,85.0
174.0,176.0,172.0,171.0,176.0,172.0,171.0,178.0,185.0,176.0
5.0,8.0,4.0,1.0,2.0,1.0,2.0,7.0,7.0,4.0
160.0,156.0,155.0,158.0,159.0,159.0,157.0,161.0,162.0,158.0
9.0,12.0,13.0,12.0,15.0,12.0,12.0,10.0,16.0,14.0
575.092,560.14,551.086,568.896,605.387,534.886,560.137,521.177,558.316,593.075
['gpuPC', '1', 'munin', '20000']
0.032,0.027,0.027,0.026,0.027,0.027,0.026,0.027,0.027,0.026
3.718,3.43,3.578,3.652,3.787,3.438,3.602,3.57,3.759,3.725
0.612,0.57,0.749,0.906,0.859,0.698,0.691,0.787,0.689,0.837
0.031,0.03,0.041,0.039,0.038,0.033,0.035,0.034,0.032,0.03
0.0,0.0,0.0,0.0,0.0,0.0,0.0,0.0,0.0,0.0
0.002,0.002,0.002,0.002,0.002,0.002,0.002,0.002,0.002,0.002
0.008,0.008,0.008,0.007,0.008,0.008,0.008,0.008,0.008,0.008
0.048,0.043,0.056,0.048,0.049,0.045,0.056,0.052,0.057,0.06
541320.0,541320.0,541320.0,541320.0,541320.0,541320.0,541320.0,541320.0,541320.0,541320.0
10875714.0,10061158.0,10523010.0,10708298.0,11122984.0,10188912.0,10628900.0,10450058.0,10988734.0,10972878.0
401576.0,321442.0,359486.0,396584.0,389186.0,352284.0,375200.0,342318.0,399096.0,396310.0
3368.0,3228.0,4414.0,3790.0,4080.0,3556.0,3712.0,4094.0,3458.0,3300.0
645.0,645.0,620.0,649.0,651.0,647.0,645.0,641.0,690.0,670.0
3106.0,3144.0,2964.0,3114.0,3170.0,3152.0,3132.0,3130.0,3454.0,3246.0
3595.0,3707.0,3323.0,3573.0,3694.0,3716.0,3610.0,3750.0,4222.0,3824.0
3342.0,3502.0,2993.0,3308.0,3444.0,3568.0,3320.0,3719.0,4210.0,3660.0
1210.0,1215.0,1212.0,1201.0,1199.0,1214.0,1200.0,1209.0,1197.0,1209.0
944.0,948.0,950.0,940.0,944.0,945.0,937.0,952.0,939.0,939.0
23.0,24.0,23.0,22.0,18.0,21.0,18.0,20.0,26.0,25.0
243.0,243.0,239.0,239.0,237.0,248.0,245.0,237.0,232.0,245.0
2.0,0.0,1.0,2.0,0.0,0.0,1.0,1.0,0.0,1.0
212.0,216.0,215.0,209.0,210.0,219.0,211.0,212.0,208.0,214.0
29.0,27.0,23.0,28.0,27.0,29.0,33.0,24.0,24.0,30.0
4.731,4.212,4.562,4.777,4.866,4.354,4.529,4.586,4.665,4.793
['gpuPC', '1', 'munin', '40000']
0.045,0.04,0.041,0.041,0.042,0.041,0.041,0.041,0.041,0.041
9.316,9.07,9.373,9.439,9.822,9.101,9.449,9.508,9.396,9.745
1.597,1.541,1.524,1.608,1.753,1.679,1.949,1.47,1.755,1.824
0.206,0.201,0.16,0.131,0.124,0.154,0.163,0.154,0.119,0.203
0.0,0.0,0.0,0.0,0.0,0.0,0.0,0.0,0.0,0.0
0.004,0.003,0.003,0.003,0.003,0.003,0.004,0.003,0.004,0.003
0.011,0.011,0.011,0.011,0.01,0.011,0.014,0.011,0.012,0.012
0.077,0.098,0.08,0.066,0.069,0.07,0.074,0.083,0.076,0.089
541320.0,541320.0,541320.0,541320.0,541320.0,541320.0,541320.0,541320.0,541320.0,541320.0
14250380.0,13829038.0,14248366.0,14332260.0,14948938.0,13795274.0,14291870.0,14528526.0,14391972.0,14829788.0
854450.0,811552.0,875154.0,890716.0,931516.0,808166.0,868690.0,874892.0,876138.0,927928.0
12336.0,10892.0,10806.0,9422.0,8550.0,10828.0,12142.0,10794.0,8174.0,11350.0
790.0,791.0,754.0,744.0,782.0,770.0,865.0,784.0,790.0,809.0
4103.0,4034.0,3803.0,3670.0,4006.0,3899.0,4547.0,4051.0,4130.0,4204.0
5272.0,4968.0,4567.0,4353.0,4918.0,4765.0,6197.0,5216.0,5315.0,5229.0
5476.0,4868.0,4382.0,4218.0,4843.0,4804.0,7329.0,5651.0,5540.0,5202.0
1182.0,1179.0,1188.0,1180.0,1184.0,1180.0,1171.0,1184.0,1188.0,1179.0
911.0,905.0,913.0,910.0,910.0,906.0,888.0,909.0,909.0,906.0
36.0,32.0,33.0,28.0,33.0,29.0,32.0,29.0,34.0,38.0
235.0,242.0,242.0,242.0,241.0,245.0,251.0,246.0,245.0,235.0
0.0,0.0,0.0,0.0,0.0,0.0,0.0,0.0,0.0,0.0
198.0,198.0,199.0,204.0,202.0,207.0,207.0,208.0,203.0,202.0
37.0,44.0,43.0,38.0,39.0,38.0,44.0,38.0,42.0,33.0
11.582,11.127,11.356,11.464,11.988,11.224,11.873,11.438,11.575,12.091
['gpuPC', '1', 'munin', '100000']
0.101,0.099,0.099,0.099,0.099,0.099,0.099,0.099,0.099,0.099
31.754,31.418,31.579,31.967,32.381,31.612,32.205,32.657,32.044,32.536
11.132,10.318,12.69,10.942,12.184,10.812,9.059,9.594,11.163,10.962
0.345,0.346,0.352,0.367,0.349,0.368,0.359,0.344,0.352,0.349
0.001,0.001,0.001,0.001,0.001,0.001,0.001,0.001,0.001,0.001
0.012,0.011,0.012,0.012,0.01,0.012,0.011,0.011,0.011,0.011
0.068,0.059,0.057,0.067,0.043,0.051,0.05,0.048,0.051,0.052
0.368,0.21,0.29,0.361,0.216,0.227,0.214,0.186,0.23,0.187
541320.0,541320.0,541320.0,541320.0,541320.0,541320.0,541320.0,541320.0,541320.0,541320.0
19775474.0,19597102.0,19841254.0,19993632.0,20343794.0,19736638.0,20217018.0,20283260.0,20072446.0,20362990.0
2042716.0,1958138.0,2068646.0,2107396.0,2197030.0,2095790.0,2181116.0,2132656.0,2093434.0,2145286.0
19070.0,19044.0,21320.0,21122.0,18040.0,19114.0,18020.0,16928.0,17954.0,21986.0
1093.0,1101.0,1101.0,1123.0,1051.0,1076.0,1070.0,1029.0,1059.0,1079.0
6179.0,6337.0,6239.0,6364.0,5889.0,6078.0,6090.0,5783.0,6002.0,6150.0
9351.0,9884.0,9542.0,9894.0,8654.0,9029.0,9153.0,8457.0,8866.0,9201.0
13943.0,14758.0,14356.0,15839.0,11250.0,12460.0,12311.0,11014.0,11772.0,12373.0
1105.0,1110.0,1098.0,1111.0,1110.0,1113.0,1111.0,1118.0,1102.0,1108.0
831.0,836.0,827.0,832.0,838.0,834.0,839.0,843.0,834.0,834.0
31.0,34.0,28.0,31.0,30.0,32.0,32.0,31.0,30.0,31.0
243.0,240.0,243.0,248.0,242.0,247.0,240.0,244.0,238.0,243.0
0.0,0.0,0.0,0.0,0.0,0.0,0.0,0.0,0.0,0.0
218.0,218.0,205.0,211.0,209.0,210.0,206.0,202.0,204.0,208.0
25.0,22.0,38.0,37.0,33.0,37.0,34.0,42.0,34.0,35.0
44.257,42.824,45.441,44.18,45.629,43.547,42.345,43.303,44.302,44.55
['gpuPC', '1', 'munin', '200000']
0.208,0.207,0.208,0.207,0.205,0.205,0.204,0.219,0.204,0.206
76.081,76.043,77.067,76.963,77.994,77.046,76.817,77.471,77.405,78.263
33.517,34.888,32.622,31.511,32.589,30.467,21.949,21.449,22.351,22.318
1.111,0.961,1.114,0.873,1.102,1.056,1.215,0.862,1.115,1.057
0.001,0.001,0.001,0.001,0.001,0.001,0.001,0.001,0.001,0.001
0.038,0.035,0.032,0.034,0.035,0.035,0.033,0.033,0.034,0.034
0.201,0.208,0.191,0.187,0.212,0.222,0.214,0.2,0.186,0.221
1.614,1.423,1.552,1.579,1.591,1.651,1.879,1.514,1.28,1.243
541320.0,541320.0,541320.0,541320.0,541320.0,541320.0,541320.0,541320.0,541320.0,541320.0
23903158.0,23892958.0,24210748.0,24171838.0,24415682.0,24072956.0,24128446.0,24325208.0,24276742.0,24553922.0
3610618.0,3566614.0,3714194.0,3647388.0,3731882.0,3559686.0,3702112.0,3630910.0,3640624.0,3665230.0
40944.0,35594.0,40768.0,36128.0,37088.0,38280.0,45218.0,33272.0,39860.0,41416.0
1432.0,1468.0,1438.0,1402.0,1411.0,1402.0,1425.0,1389.0,1421.0,1483.0
9229.0,9523.0,9206.0,9025.0,8901.0,8854.0,9164.0,8928.0,9093.0,9643.0
19100.0,19688.0,18393.0,17765.0,17119.0,16864.0,18159.0,17510.0,18412.0,19615.0
47187.0,46677.0,41896.0,39257.0,36588.0,37370.0,40709.0,38241.0,42214.0,45970.0
1033.0,1038.0,1032.0,1038.0,1035.0,1033.0,1039.0,1055.0,1042.0,1037.0
773.0,772.0,768.0,774.0,775.0,769.0,769.0,783.0,771.0,765.0
33.0,35.0,31.0,34.0,29.0,31.0,35.0,36.0,32.0,40.0
227.0,231.0,233.0,230.0,231.0,233.0,235.0,236.0,239.0,232.0
0.0,0.0,0.0,0.0,0.0,0.0,0.0,0.0,0.0,0.0
194.0,191.0,192.0,191.0,183.0,190.0,191.0,202.0,190.0,194.0
33.0,40.0,41.0,39.0,48.0,43.0,44.0,34.0,49.0,38.0
113.464,114.333,113.339,111.92,114.282,111.233,102.869,102.305,103.118,103.901
['gpuPC', '1', 'munin', '400000']
0.411,0.428,0.433,0.424,0.427,0.418,0.44,0.414,0.418,0.436
178.171,178.906,179.466,178.922,178.042,179.344,179.846,179.36,178.525,179.607
71.505,74.834,73.106,74.726,75.494,72.682,76.997,74.717,70.735,75.441
3.577,4.477,3.944,4.28,5.032,4.08,4.305,3.968,4.846,5.026
0.002,0.002,0.002,0.003,0.002,0.004,0.002,0.002,0.002,0.002
0.088,0.085,0.083,0.078,0.087,0.082,0.085,0.076,0.094,0.086
0.644,0.79,0.626,0.656,0.861,0.675,0.69,0.539,0.74,0.753
4.478,5.347,4.187,4.684,6.345,4.578,5.446,3.339,5.524,5.291
541320.0,541320.0,541320.0,541320.0,541320.0,541320.0,541320.0,541320.0,541320.0,541320.0
28077388.0,28116632.0,28266760.0,28115696.0,28091942.0,28235418.0,28275496.0,28209594.0,28024130.0,28369120.0
5845432.0,5766484.0,5834330.0,5770830.0,5877308.0,5803594.0,5856368.0,5745562.0,5746364.0,5967590.0
88976.0,96862.0,82974.0,94132.0,114994.0,83588.0,99852.0,73470.0,106578.0,104092.0
1745.0,1779.0,1718.0,1736.0,1839.0,1742.0,1755.0,1654.0,1784.0,1774.0
12226.0,12474.0,11796.0,11933.0,12835.0,12073.0,12188.0,11424.0,12312.0,12210.0
29189.0,31541.0,26650.0,27913.0,34110.0,28838.0,29517.0,25803.0,29901.0,30198.0
89025.0,110396.0,76352.0,84636.0,134310.0,90328.0,94344.0,70435.0,100197.0,106971.0
990.0,989.0,972.0,978.0,986.0,989.0,994.0,988.0,974.0,983.0
730.0,731.0,724.0,729.0,731.0,735.0,730.0,737.0,724.0,732.0
36.0,35.0,36.0,33.0,33.0,36.0,37.0,34.0,34.0,33.0
224.0,223.0,212.0,216.0,222.0,218.0,227.0,217.0,216.0,218.0
0.0,0.0,0.0,0.0,0.0,0.0,0.0,0.0,0.0,0.0
177.0,174.0,177.0,176.0,176.0,171.0,183.0,181.0,173.0,178.0
47.0,49.0,35.0,40.0,46.0,47.0,44.0,36.0,43.0,40.0
260.351,277.262,276.049,265.012,278.681,263.004,268.953,263.573,262.026,267.737
['gpuPC3', '0', 'munin', '20000']
0.032,0.026,0.026,0.026,0.027,0.026,0.026,0.026,0.026,0.026
4.299,4.179,4.266,4.324,4.413,4.157,4.254,4.319,4.344,4.299
1.155,0.984,1.131,1.134,1.265,1.023,1.151,1.133,1.218,1.166
0.069,0.052,0.05,0.05,0.074,0.048,0.048,0.081,0.058,0.083
0.0,0.0,0.0,0.0,0.0,0.0,0.0,0.0,0.0,0.0
0.004,0.004,0.004,0.004,0.004,0.003,0.004,0.004,0.004,0.004
0.015,0.019,0.016,0.016,0.015,0.016,0.015,0.015,0.018,0.016
0.134,0.16,0.14,0.118,0.113,0.117,0.203,0.136,0.181,0.131
541320.0,541320.0,541320.0,541320.0,541320.0,541320.0,541320.0,541320.0,541320.0,541320.0
541320.0,541320.0,541320.0,541320.0,541320.0,541320.0,541320.0,541320.0,541320.0,541320.0
16164578.0,15538624.0,16063264.0,16459192.0,16720751.0,15413593.0,15971368.0,16368811.0,16362737.0,16429445.0
11531298.0,11162560.0,11487617.0,11685824.0,11900313.0,11119627.0,11375456.0,11645258.0,11617449.0,11605194.0
2341672.0,2008103.0,2397880.0,2509618.0,2657028.0,2127769.0,2370372.0,2388894.0,2556133.0,2506450.0
1939363.0,1677795.0,1964595.0,2058698.0,2199315.0,1778360.0,1953961.0,1976271.0,2112957.0,2044666.0
19404.0,20913.0,17622.0,21865.0,24821.0,17640.0,21458.0,22441.0,23488.0,23479.0
7688.0,6329.0,5586.0,6666.0,8356.0,6266.0,7896.0,7690.0,7360.0,8465.0
1171.0,1215.0,1196.0,1269.0,1241.0,1110.0,1191.0,1194.0,1217.0,1219.0
7111.0,7256.0,7207.0,7859.0,7721.0,6513.0,7236.0,7326.0,7376.0,7651.0
11172.0,11465.0,11396.0,13088.0,12987.0,9722.0,11433.0,11797.0,12056.0,12420.0
15131.0,17214.0,15670.0,19953.0,19588.0,12780.0,15723.0,16805.0,19162.0,17004.0
1137.0,1105.0,1104.0,1107.0,1114.0,1124.0,1121.0,1121.0,1113.0,1134.0
845.0,831.0,833.0,825.0,832.0,840.0,829.0,844.0,833.0,834.0
65.0,51.0,55.0,64.0,63.0,55.0,64.0,62.0,62.0,81.0
227.0,223.0,216.0,218.0,219.0,229.0,228.0,215.0,218.0,219.0
4.0,3.0,1.0,2.0,1.0,3.0,4.0,6.0,1.0,7.0
183.0,185.0,182.0,186.0,191.0,201.0,197.0,184.0,189.0,184.0
40.0,35.0,33.0,30.0,27.0,25.0,27.0,25.0,28.0,28.0
6.01,5.527,5.734,5.774,6.011,5.501,5.813,5.823,5.951,5.843
['gpuPC3', '0', 'munin', '40000']
0.044,0.039,0.039,0.039,0.039,0.039,0.039,0.039,0.039,0.039
8.928,8.645,8.916,8.891,8.917,8.871,8.846,8.956,8.901,9.129
3.446,2.991,3.392,3.278,3.543,2.901,3.404,3.686,3.333,3.535
0.167,0.094,0.154,0.14,0.225,0.14,0.116,0.166,0.181,0.163
0.001,0.001,0.001,0.001,0.0,0.0,0.0,0.0,0.0,0.0
0.009,0.008,0.009,0.008,0.008,0.008,0.007,0.008,0.008,0.008
0.055,0.047,0.059,0.062,0.059,0.046,0.048,0.035,0.048,0.053
0.367,0.287,0.338,0.354,0.403,0.444,0.44,0.303,0.315,0.374
541320.0,541320.0,541320.0,541320.0,541320.0,541320.0,541320.0,541320.0,541320.0,541320.0
541320.0,541320.0,541320.0,541320.0,541320.0,541320.0,541320.0,541320.0,541320.0,541320.0
20301200.0,19629055.0,20363958.0,20209164.0,20361291.0,19819264.0,20133315.0,20452244.0,20306753.0,20970791.0
13941372.0,13514494.0,13953511.0,13859001.0,13904777.0,13680406.0,13777730.0,13955935.0,13876282.0,14249689.0
4957795.0,4318086.0,4950812.0,4817389.0,5253393.0,4162580.0,5047200.0,5302126.0,4820427.0,5319182.0
3922722.0,3423918.0,3895698.0,3784351.0,4135287.0,3343521.0,3946019.0,4180932.0,3805223.0,4117948.0
64269.0,44713.0,60071.0,60709.0,98550.0,54368.0,57861.0,59610.0,71403.0,62614.0
21123.0,13953.0,19740.0,18678.0,34416.0,18016.0,19278.0,22517.0,23763.0,20097.0
1543.0,1555.0,1559.0,1535.0,1531.0,1441.0,1467.0,1453.0,1457.0,1535.0
10526.0,10885.0,10781.0,9897.0,9961.0,9625.0,9677.0,9653.0,9709.0,10513.0
21995.0,22521.0,22445.0,19709.0,20172.0,19360.0,18580.0,17859.0,18908.0,22556.0
51114.0,48510.0,51940.0,47252.0,48702.0,41465.0,37694.0,30679.0,37994.0,53486.0
1059.0,1049.0,1047.0,1027.0,1054.0,1066.0,1036.0,1064.0,1053.0,1043.0
783.0,777.0,770.0,770.0,783.0,784.0,771.0,789.0,781.0,771.0
71.0,76.0,71.0,52.0,61.0,61.0,59.0,74.0,63.0,58.0
205.0,196.0,206.0,205.0,210.0,221.0,206.0,201.0,209.0,214.0
2.0,1.0,3.0,4.0,3.0,7.0,2.0,5.0,2.0,9.0
176.0,169.0,177.0,172.0,183.0,184.0,180.0,168.0,182.0,177.0
27.0,26.0,26.0,29.0,24.0,30.0,24.0,28.0,25.0,28.0
13.336,12.288,13.08,12.948,13.368,12.632,13.081,13.37,13.002,13.47
['gpuPC3', '0', 'munin', '100000']
0.101,0.098,0.098,0.098,0.098,0.098,0.098,0.098,0.098,0.098
24.83,24.887,24.954,24.958,25.214,25.32,25.094,25.213,24.97,25.25
13.726,13.245,13.63,14.393,13.686,12.999,14.149,13.222,13.867,14.032
0.952,0.845,0.904,0.871,1.007,0.93,0.881,0.872,0.895,0.926
0.001,0.001,0.001,0.001,0.001,0.001,0.001,0.001,0.001,0.001
0.032,0.027,0.027,0.027,0.028,0.027,0.028,0.029,0.028,0.026
0.339,0.237,0.27,0.25,0.295,0.231,0.254,0.24,0.273,0.25
4.071,1.872,2.689,2.239,3.63,2.777,2.475,2.176,2.581,2.15
541320.0,541320.0,541320.0,541320.0,541320.0,541320.0,541320.0,541320.0,541320.0,541320.0
541320.0,541320.0,541320.0,541320.0,541320.0,541320.0,541320.0,541320.0,541320.0,541320.0
24473621.0,24486699.0,24512367.0,24574929.0,24863890.0,24987833.0,24696339.0,24819923.0,24605342.0,24983653.0
16038297.0,16090218.0,16151028.0,16126946.0,16266014.0,16391053.0,16282122.0,16279313.0,16123304.0,16332773.0
9907518.0,9420146.0,10063656.0,10258010.0,10162230.0,9728400.0,10499913.0,9673788.0,10181990.0,10327857.0
7415529.0,6906508.0,7485904.0,7496277.0,7502076.0,7184968.0,7735734.0,7276511.0,7539632.0,7579286.0
361825.0,292281.0,314169.0,302135.0,388309.0,335612.0,301363.0,290821.0,315727.0,325930.0
105889.0,95221.0,94610.0,95065.0,123226.0,112022.0,93481.0,94307.0,98415.0,101302.0
2154.0,1886.0,1945.0,1898.0,2024.0,1950.0,1987.0,1907.0,1995.0,1944.0
17850.0,14354.0,14697.0,14063.0,15739.0,14944.0,15394.0,14943.0,15025.0,14671.0
64495.0,39748.0,43006.0,37610.0,48250.0,44341.0,44539.0,43435.0,42547.0,40906.0
328597.0,139851.0,184477.0,133322.0,217330.0,173008.0,172973.0,159820.0,175011.0,156181.0
968.0,972.0,964.0,959.0,976.0,965.0,977.0,987.0,966.0,960.0
716.0,723.0,719.0,716.0,719.0,714.0,720.0,727.0,716.0,716.0
66.0,63.0,57.0,59.0,66.0,63.0,69.0,62.0,64.0,58.0
186.0,186.0,188.0,184.0,191.0,188.0,188.0,198.0,186.0,186.0
2.0,3.0,4.0,3.0,7.0,2.0,2.0,3.0,1.0,3.0
164.0,172.0,165.0,161.0,166.0,166.0,168.0,172.0,160.0,162.0
20.0,11.0,19.0,20.0,18.0,20.0,18.0,23.0,25.0,21.0
44.519,41.578,42.939,43.217,44.337,42.77,43.358,42.225,43.089,43.108
['gpuPC3', '0', 'munin', '200000']
0.205,0.208,0.202,0.205,0.219,0.219,0.203,0.21,0.211,0.202
53.406,54.004,54.21,54.202,54.364,55.04,53.769,53.873,53.871,54.782
37.655,37.761,39.674,37.565,38.238,37.894,38.307,38.145,38.143,40.326
2.298,1.99,2.146,2.13,2.23,1.947,2.21,2.082,1.992,2.472
0.001,0.001,0.001,0.001,0.001,0.001,0.001,0.001,0.001,0.001
0.069,0.063,0.063,0.067,0.068,0.067,0.061,0.063,0.064,0.076
0.834,0.714,0.78,0.762,0.868,0.763,0.683,0.698,0.75,0.797
11.516,8.126,9.285,9.366,9.347,8.04,8.062,8.893,8.805,8.845
541320.0,541320.0,541320.0,541320.0,541320.0,541320.0,541320.0,541320.0,541320.0,541320.0
541320.0,541320.0,541320.0,541320.0,541320.0,541320.0,541320.0,541320.0,541320.0,541320.0
27063083.0,27402352.0,27692142.0,27565727.0,27875935.0,28021698.0,27138947.0,27357547.0,27446953.0,27810890.0
17355839.0,17535003.0,17739223.0,17625811.0,17754820.0,17942463.0,17501774.0,17565759.0,17568766.0,17799574.0
15190908.0,15317270.0,16444162.0,15163670.0,15335966.0,15359274.0,15753018.0,15479418.0,15331903.0,16310396.0
10479230.0,10594316.0,11235659.0,10598604.0,10591502.0,10643860.0,10782227.0,10650089.0,10748666.0,11258654.0
717679.0,603741.0,644616.0,656749.0,732327.0,550731.0,667018.0,579093.0,600525.0,822940.0
207778.0,173693.0,189489.0,188569.0,209730.0,163818.0,202612.0,171993.0,173315.0,246475.0
2359.0,2223.0,2235.0,2219.0,2321.0,2278.0,2204.0,2220.0,2264.0,2350.0
20046.0,17959.0,18010.0,18043.0,18967.0,19179.0,17681.0,18947.0,18456.0,19963.0
79736.0,61863.0,63645.0,62276.0,69805.0,70170.0,60830.0,68610.0,64729.0,77725.0
513718.0,345201.0,375325.0,335424.0,436789.0,376265.0,327445.0,368058.0,372075.0,487348.0
942.0,948.0,938.0,952.0,943.0,957.0,948.0,962.0,943.0,943.0
693.0,697.0,697.0,697.0,692.0,695.0,699.0,702.0,693.0,690.0
68.0,67.0,63.0,75.0,70.0,78.0,69.0,74.0,69.0,74.0
181.0,184.0,178.0,180.0,181.0,184.0,180.0,186.0,181.0,179.0
2.0,4.0,2.0,5.0,1.0,6.0,2.0,5.0,1.0,1.0
165.0,161.0,161.0,161.0,159.0,163.0,164.0,160.0,161.0,161.0
14.0,19.0,15.0,14.0,21.0,15.0,14.0,21.0,19.0,17.0
106.773,103.421,106.929,104.864,105.894,104.536,103.855,104.515,104.382,108.066
['gpuPC3', '0', 'munin', '400000']
0.429,0.422,0.433,0.412,0.431,0.42,0.432,0.418,0.434,0.423
113.16,112.653,114.2,114.172,114.682,113.3,115.443,112.576,112.573,113.49
108.201,102.518,101.918,103.919,111.067,102.805,104.821,98.871,104.6,113.246
5.309,6.265,5.425,5.038,6.472,5.164,5.91,5.132,6.209,6.635
0.003,0.003,0.003,0.003,0.003,0.003,0.003,0.003,0.003,0.003
0.168,0.173,0.181,0.182,0.177,0.165,0.174,0.169,0.169,0.172
2.264,2.483,2.556,2.427,2.648,2.181,2.593,2.149,2.492,2.385
30.571,35.232,36.543,34.225,38.423,33.129,35.322,25.371,33.978,31.601
541320.0,541320.0,541320.0,541320.0,541320.0,541320.0,541320.0,541320.0,541320.0,541320.0
541320.0,541320.0,541320.0,541320.0,541320.0,541320.0,541320.0,541320.0,541320.0,541320.0
29213053.0,29373527.0,29669721.0,29612179.0,29813050.0,29445798.0,29848131.0,29129021.0,29167488.0,29477703.0
18422588.0,18404921.0,18673249.0,18638649.0,18725742.0,18573447.0,18855618.0,18371870.0,18334548.0,18506964.0
25090557.0,23243144.0,23488630.0,23537680.0,25638582.0,23071862.0,23779373.0,22332050.0,23731020.0,26369834.0
15807363.0,14892714.0,14781068.0,15059139.0,16268103.0,14910519.0,15227495.0,14368195.0,15290203.0,16545367.0
1196147.0,1528684.0,1260672.0,1101560.0,1572258.0,1127456.0,1387042.0,1114177.0,1534043.0,1646981.0
326058.0,410071.0,343720.0,290267.0,436780.0,309244.0,375826.0,306549.0,413973.0,447154.0
2645.0,2797.0,2790.0,2812.0,2866.0,2687.0,2846.0,2600.0,2766.0,2726.0
24244.0,24976.0,24851.0,26046.0,25564.0,23504.0,25085.0,22525.0,24240.0,24294.0
115529.0,122678.0,129582.0,129423.0,131452.0,109304.0,124031.0,99168.0,118328.0,115470.0
971281.0,1143824.0,1316011.0,1144696.0,1293879.0,929329.0,1176137.0,779769.0,1100775.0,979760.0
936.0,929.0,929.0,935.0,930.0,929.0,922.0,936.0,952.0,939.0
679.0,671.0,678.0,677.0,672.0,679.0,670.0,680.0,679.0,678.0
83.0,82.0,79.0,87.0,82.0,78.0,81.0,78.0,88.0,85.0
174.0,176.0,172.0,171.0,176.0,172.0,171.0,178.0,185.0,176.0
5.0,8.0,4.0,1.0,2.0,1.0,2.0,7.0,7.0,4.0
160.0,156.0,155.0,158.0,159.0,159.0,157.0,161.0,162.0,158.0
9.0,12.0,13.0,12.0,15.0,12.0,12.0,10.0,16.0,14.0
261.506,260.883,262.37,261.558,275.034,258.324,265.803,245.797,261.558,269.081
['gpuPC3', '1', 'munin', '20000']
0.032,0.027,0.027,0.027,0.027,0.027,0.026,0.027,0.027,0.027
2.839,2.689,2.745,2.786,2.839,2.732,2.763,2.749,2.834,2.763
0.184,0.152,0.169,0.185,0.182,0.169,0.181,0.159,0.187,0.191
0.018,0.018,0.023,0.02,0.02,0.019,0.019,0.021,0.018,0.018
0.0,0.0,0.0,0.0,0.0,0.0,0.0,0.0,0.0,0.0
0.002,0.002,0.002,0.002,0.002,0.002,0.002,0.002,0.002,0.002
0.008,0.008,0.008,0.008,0.008,0.008,0.009,0.008,0.008,0.008
0.047,0.043,0.056,0.048,0.049,0.046,0.055,0.051,0.057,0.059
541320.0,541320.0,541320.0,541320.0,541320.0,541320.0,541320.0,541320.0,541320.0,541320.0
541320.0,541320.0,541320.0,541320.0,541320.0,541320.0,541320.0,541320.0,541320.0,541320.0
9277810.0,8358505.0,8898254.0,9163326.0,9245835.0,8757990.0,8965918.0,8735357.0,9134970.0,9043726.0
7168440.0,6509515.0,6907466.0,7101363.0,7132518.0,6805277.0,6953025.0,6810948.0,7045934.0,7001888.0
357817.0,302342.0,331838.0,366296.0,360785.0,323708.0,351845.0,317461.0,363425.0,352320.0
325355.0,272124.0,298983.0,331389.0,329007.0,293724.0,317781.0,288185.0,329475.0,320718.0
3469.0,3218.0,4527.0,3850.0,4020.0,3568.0,3669.0,4246.0,3466.0,3318.0
1088.0,1062.0,1704.0,1303.0,1388.0,1123.0,1242.0,1360.0,1053.0,1056.0
645.0,645.0,620.0,649.0,651.0,645.0,645.0,641.0,690.0,670.0
3106.0,3144.0,2964.0,3114.0,3170.0,3144.0,3132.0,3130.0,3454.0,3246.0
3595.0,3707.0,3323.0,3573.0,3694.0,3712.0,3610.0,3750.0,4222.0,3824.0
3342.0,3502.0,2993.0,3308.0,3444.0,3568.0,3320.0,3719.0,4210.0,3660.0
1210.0,1215.0,1212.0,1201.0,1199.0,1214.0,1200.0,1209.0,1197.0,1209.0
944.0,948.0,950.0,940.0,944.0,945.0,937.0,952.0,939.0,939.0
23.0,24.0,23.0,22.0,18.0,20.0,18.0,20.0,26.0,25.0
243.0,243.0,239.0,239.0,237.0,249.0,245.0,237.0,232.0,245.0
2.0,0.0,1.0,2.0,0.0,0.0,1.0,1.0,0.0,1.0
212.0,216.0,215.0,209.0,210.0,220.0,211.0,212.0,208.0,214.0
29.0,27.0,23.0,28.0,27.0,29.0,33.0,24.0,24.0,30.0
3.419,3.04,3.136,3.171,3.223,3.105,3.164,3.124,3.225,3.176
['gpuPC3', '1', 'munin', '40000']
0.045,0.04,0.04,0.041,0.041,0.04,0.04,0.041,0.041,0.041
5.567,5.422,5.486,5.584,5.688,5.415,5.584,5.696,5.583,5.647
0.574,0.559,0.596,0.605,0.649,0.533,0.626,0.612,0.613,0.617
0.07,0.068,0.045,0.043,0.04,0.045,0.049,0.045,0.04,0.067
0.0,0.0,0.0,0.0,0.0,0.0,0.0,0.0,0.0,0.0
0.004,0.003,0.003,0.003,0.003,0.003,0.004,0.003,0.004,0.003
0.011,0.011,0.011,0.011,0.01,0.011,0.014,0.011,0.012,0.012
0.077,0.098,0.08,0.065,0.069,0.07,0.074,0.083,0.076,0.1
541320.0,541320.0,541320.0,541320.0,541320.0,541320.0,541320.0,541320.0,541320.0,541320.0
541320.0,541320.0,541320.0,541320.0,541320.0,541320.0,541320.0,541320.0,541320.0,541320.0
11507509.0,11116138.0,11372245.0,11503729.0,11809260.0,11083579.0,11591598.0,11824265.0,11570419.0,11688042.0
8617919.0,8367567.0,8523547.0,8652916.0,8783681.0,8384761.0,8669794.0,8843394.0,8650526.0,8737476.0
698073.0,678178.0,738987.0,757915.0,793179.0,667194.0,755777.0,747768.0,743961.0,772435.0
628504.0,609789.0,659103.0,678180.0,705235.0,597067.0,674634.0,672644.0,669921.0,693230.0
12546.0,11107.0,10907.0,9676.0,8610.0,10937.0,12255.0,10772.0,8361.0,11538.0
5285.0,5003.0,4865.0,4035.0,3408.0,4628.0,4787.0,4527.0,3007.0,5005.0
790.0,791.0,754.0,744.0,782.0,770.0,865.0,784.0,790.0,812.0
4103.0,4034.0,3803.0,3670.0,4006.0,3899.0,4547.0,4051.0,4130.0,4218.0
5272.0,4968.0,4567.0,4353.0,4918.0,4765.0,6197.0,5216.0,5315.0,5241.0
5476.0,4868.0,4382.0,4218.0,4843.0,4804.0,7329.0,5651.0,5540.0,5206.0
1182.0,1179.0,1188.0,1180.0,1184.0,1180.0,1171.0,1184.0,1188.0,1179.0
911.0,905.0,913.0,910.0,910.0,906.0,888.0,909.0,909.0,905.0
36.0,32.0,33.0,28.0,33.0,29.0,32.0,29.0,34.0,38.0
235.0,242.0,242.0,242.0,241.0,245.0,251.0,246.0,245.0,236.0
0.0,0.0,0.0,0.0,0.0,0.0,0.0,0.0,0.0,0.0
198.0,198.0,199.0,204.0,202.0,207.0,207.0,208.0,203.0,203.0
37.0,44.0,43.0,38.0,39.0,38.0,44.0,38.0,42.0,33.0
6.679,6.364,6.421,6.519,6.665,6.281,6.564,6.659,6.542,6.663
['gpuPC3', '1', 'munin', '100000']
0.102,0.099,0.099,0.099,0.099,0.099,0.099,0.099,0.099,0.099
17.113,17.118,17.114,17.141,17.255,16.987,17.234,17.205,17.168,16.969
2.657,2.574,2.728,2.831,2.904,2.733,3.092,2.806,2.828,2.847
0.084,0.084,0.086,0.086,0.083,0.089,0.083,0.081,0.082,0.084
0.001,0.001,0.001,0.001,0.001,0.001,0.001,0.001,0.001,0.001
0.012,0.011,0.012,0.012,0.01,0.012,0.011,0.011,0.011,0.011
0.069,0.059,0.059,0.068,0.043,0.052,0.051,0.049,0.053,0.052
0.368,0.21,0.29,0.361,0.217,0.227,0.214,0.186,0.23,0.188
541320.0,541320.0,541320.0,541320.0,541320.0,541320.0,541320.0,541320.0,541320.0,541320.0
541320.0,541320.0,541320.0,541320.0,541320.0,541320.0,541320.0,541320.0,541320.0,541320.0
15513268.0,15577269.0,15586395.0,15641361.0,15699256.0,15399286.0,15777955.0,15634421.0,15633838.0,15425641.0
11060774.0,11073673.0,11096107.0,11101931.0,11187976.0,10984668.0,11163612.0,11106503.0,11143898.0,11002775.0
1684848.0,1596023.0,1729586.0,1768206.0,1817562.0,1704694.0,1903406.0,1747199.0,1776417.0,1802888.0
1451903.0,1381885.0,1483984.0,1522053.0,1572468.0,1469735.0,1638425.0,1519819.0,1534732.0,1555843.0
19217.0,18997.0,21424.0,21011.0,18149.0,19329.0,18034.0,16804.0,18039.0,21888.0
6231.0,6495.0,7414.0,6756.0,6809.0,6443.0,6316.0,5868.0,6321.0,7634.0
1093.0,1101.0,1101.0,1123.0,1051.0,1076.0,1070.0,1029.0,1059.0,1079.0
6179.0,6337.0,6239.0,6364.0,5889.0,6078.0,6090.0,5783.0,6002.0,6150.0
9351.0,9884.0,9542.0,9894.0,8654.0,9029.0,9153.0,8457.0,8866.0,9201.0
13943.0,14758.0,14356.0,15839.0,11250.0,12460.0,12311.0,11014.0,11772.0,12373.0
1105.0,1110.0,1098.0,1111.0,1110.0,1113.0,1111.0,1118.0,1102.0,1108.0
831.0,836.0,827.0,832.0,838.0,834.0,839.0,843.0,834.0,834.0
31.0,34.0,28.0,31.0,30.0,32.0,32.0,31.0,30.0,31.0
243.0,240.0,243.0,248.0,242.0,247.0,240.0,244.0,238.0,243.0
0.0,0.0,0.0,0.0,0.0,0.0,0.0,0.0,0.0,0.0
218.0,218.0,205.0,211.0,209.0,210.0,206.0,202.0,204.0,208.0
25.0,22.0,38.0,37.0,33.0,37.0,34.0,42.0,34.0,35.0
20.895,20.515,20.754,20.957,20.968,20.561,21.147,20.8,20.827,20.608
['gpuPC3', '1', 'munin', '200000']
0.209,0.207,0.207,0.204,0.206,0.207,0.207,0.203,0.208,0.204
39.103,39.812,39.378,39.053,39.559,39.652,39.702,39.841,39.191,40.472
8.641,8.485,8.871,8.783,8.996,8.46,9.391,9.348,9.745,9.56
0.218,0.176,0.23,0.169,0.221,0.215,0.241,0.164,0.221,0.211
0.001,0.001,0.001,0.001,0.001,0.001,0.001,0.001,0.001,0.001
0.038,0.035,0.033,0.035,0.035,0.034,0.033,0.033,0.035,0.033
0.207,0.209,0.192,0.189,0.214,0.225,0.215,0.199,0.186,0.224
1.619,1.424,1.555,1.581,1.59,1.651,1.878,1.511,1.279,1.241
541320.0,541320.0,541320.0,541320.0,541320.0,541320.0,541320.0,541320.0,541320.0,541320.0
541320.0,541320.0,541320.0,541320.0,541320.0,541320.0,541320.0,541320.0,541320.0,541320.0
18564922.0,18821475.0,18601768.0,18426149.0,18696580.0,18780591.0,18851577.0,18923605.0,18558742.0,19192430.0
12742271.0,12968375.0,12809535.0,12706300.0,12889643.0,12918684.0,12946635.0,12996302.0,12771544.0,13190255.0
2947167.0,2872661.0,3033230.0,3015950.0,3052817.0,2893032.0,3188252.0,3103322.0,3260192.0,3246520.0
2468549.0,2415353.0,2535760.0,2525731.0,2561356.0,2440126.0,2673017.0,2616104.0,2724024.0,2702133.0
40674.0,35368.0,40600.0,35704.0,36855.0,37703.0,45074.0,32906.0,39290.0,40862.0
11669.0,10142.0,12295.0,10520.0,11357.0,11178.0,14168.0,9530.0,11805.0,11794.0
1432.0,1468.0,1438.0,1402.0,1411.0,1402.0,1425.0,1389.0,1421.0,1483.0
9229.0,9523.0,9206.0,9025.0,8901.0,8854.0,9164.0,8928.0,9093.0,9643.0
19100.0,19688.0,18393.0,17765.0,17119.0,16864.0,18159.0,17510.0,18412.0,19615.0
47187.0,46677.0,41896.0,39257.0,36588.0,37370.0,40709.0,38241.0,42214.0,45970.0
1033.0,1038.0,1032.0,1038.0,1035.0,1033.0,1039.0,1055.0,1042.0,1037.0
773.0,772.0,768.0,774.0,775.0,769.0,769.0,783.0,771.0,765.0
33.0,35.0,31.0,34.0,29.0,31.0,35.0,36.0,32.0,40.0
227.0,231.0,233.0,230.0,231.0,233.0,235.0,236.0,239.0,232.0
0.0,0.0,0.0,0.0,0.0,0.0,0.0,0.0,0.0,0.0
194.0,191.0,192.0,191.0,183.0,190.0,191.0,202.0,190.0,194.0
33.0,40.0,41.0,39.0,48.0,43.0,44.0,34.0,49.0,38.0
50.766,50.914,51.025,50.556,51.399,50.987,52.211,51.867,51.395,52.49
['gpuPC3', '1', 'munin', '400000']
0.427,0.415,0.424,0.461,0.422,0.429,0.424,0.414,0.427,0.426
86.711,88.561,87.924,86.26,87.888,87.885,89.069,87.683,86.706,88.264
31.968,31.833,31.623,30.657,32.254,31.621,31.164,31.213,31.116,32.967
0.531,0.678,0.544,0.615,0.729,0.61,0.662,0.59,0.708,0.698
0.002,0.002,0.002,0.002,0.002,0.002,0.002,0.002,0.002,0.002
0.089,0.087,0.083,0.082,0.092,0.081,0.086,0.076,0.094,0.087
0.649,0.781,0.634,0.656,0.867,0.68,0.691,0.539,0.743,0.76
4.487,5.35,4.185,4.692,6.354,4.59,5.455,3.345,5.522,5.293
541320.0,541320.0,541320.0,541320.0,541320.0,541320.0,541320.0,541320.0,541320.0,541320.0
541320.0,541320.0,541320.0,541320.0,541320.0,541320.0,541320.0,541320.0,541320.0,541320.0
21306062.0,21771379.0,21469262.0,21041230.0,21480960.0,21483643.0,21922934.0,21483351.0,21185289.0,21676390.0
14201234.0,14498215.0,14360657.0,14075387.0,14375934.0,14365844.0,14580625.0,14327017.0,14168875.0,14452631.0
5768589.0,5752336.0,5710045.0,5535170.0,5809579.0,5729741.0,5641713.0,5556654.0,5654406.0,6099294.0
4589626.0,4572195.0,4553836.0,4424826.0,4616830.0,4580823.0,4519046.0,4455329.0,4497401.0,4761271.0
90155.0,98841.0,84477.0,96993.0,116961.0,84591.0,101894.0,74083.0,107953.0,105831.0
25438.0,27764.0,23898.0,27536.0,32366.0,24265.0,28800.0,22169.0,30992.0,29823.0
1745.0,1779.0,1718.0,1736.0,1839.0,1742.0,1755.0,1654.0,1784.0,1774.0
12226.0,12474.0,11796.0,11933.0,12835.0,12073.0,12188.0,11424.0,12312.0,12210.0
29189.0,31541.0,26650.0,27913.0,34110.0,28838.0,29517.0,25803.0,29901.0,30198.0
89025.0,110396.0,76352.0,84636.0,134310.0,90328.0,94344.0,70435.0,100197.0,106971.0
990.0,989.0,972.0,978.0,986.0,989.0,994.0,988.0,974.0,983.0
730.0,731.0,724.0,729.0,731.0,735.0,730.0,737.0,724.0,732.0
36.0,35.0,36.0,33.0,33.0,36.0,37.0,34.0,34.0,33.0
224.0,223.0,212.0,216.0,222.0,218.0,227.0,217.0,216.0,218.0
0.0,0.0,0.0,0.0,0.0,0.0,0.0,0.0,0.0,0.0
177.0,174.0,177.0,176.0,176.0,171.0,183.0,181.0,173.0,178.0
47.0,49.0,35.0,40.0,46.0,47.0,44.0,36.0,43.0,40.0
126.259,128.817,126.544,124.566,129.754,127.013,128.712,125.055,126.436,129.605
